EUROPEAN CLIMATE ASSESSMENT & DATASET (ECA&D), file created on 08-04-2022
THESE DATA CAN BE USED FREELY PROVIDED THAT THE FOLLOWING SOURCE IS ACKNOWLEDGED:

Klein Tank, A.M.G. and Coauthors, 2002. Daily dataset of 20th-century surface
air temperature and precipitation series for the European Climate Assessment.
Int. J. of Climatol., 22, 1441-1453.
Data and metadata available at http://www.ecad.eu

FILE FORMAT (MISSING VALUE CODE IS -9999):

01-06 SOUID: Source identifier
08-15 DATE : Date YYYYMMDD
17-21 TG   : mean temperature in 0.1 &#176;C
23-27 Q_TG : Quality code for TG (0='valid'; 1='suspect'; 9='missing')

This is the blended series of station ITALY, MONZUNO (STAID: 861).
Blended and updated with sources: 196200 
See file sources.txt and stations.txt for more info.

 SOUID,    DATE,   TG, Q_TG
196200,20180401,-9999,    9
196200,20180402,-9999,    9
196200,20180403,-9999,    9
196200,20180404,-9999,    9
196200,20180405,-9999,    9
196200,20180406,-9999,    9
196200,20180407,  128,    0
196200,20180408,  123,    0
196200,20180409,   89,    0
196200,20180410,  101,    0
196200,20180411,   98,    0
196200,20180412,  111,    0
196200,20180413,  118,    0
196200,20180414,  124,    0
196200,20180415,  123,    0
196200,20180416,  148,    0
196200,20180417,  151,    0
196200,20180418,  153,    0
196200,20180419,  158,    0
196200,20180420,-9999,    9
196200,20180421,  190,    0
196200,20180422,  194,    0
196200,20180423,  197,    0
196200,20180424,  186,    0
196200,20180425,  193,    0
196200,20180426,-9999,    9
196200,20180427,  151,    0
196200,20180428,  179,    0
196200,20180429,  182,    0
196200,20180430,  144,    0
196200,20180501,  115,    0
196200,20180502,  106,    0
196200,20180503,  120,    0
196200,20180504,  132,    0
196200,20180505,  150,    0
196200,20180506,  169,    0
196200,20180507,  173,    0
196200,20180508,  176,    0
196200,20180509,  161,    0
196200,20180510,  181,    0
196200,20180511,  204,    0
196200,20180512,  207,    0
196200,20180513,  200,    0
196200,20180514,  156,    0
196200,20180515,  141,    0
196200,20180516,  170,    0
196200,20180517,  164,    0
196200,20180518,  187,    0
196200,20180519,  199,    0
196200,20180520,  201,    0
196200,20180521,  190,    0
196200,20180522,  181,    0
196200,20180523,  189,    0
196200,20180524,  222,    0
196200,20180525,  238,    0
196200,20180526,  249,    0
196200,20180527,  253,    0
196200,20180528,  235,    0
196200,20180529,  231,    0
196200,20180530,  231,    0
196200,20180531,  241,    0
196200,20180601,  229,    0
196200,20180602,  239,    0
196200,20180603,  251,    0
196200,20180604,  240,    0
196200,20180605,  227,    0
196200,20180606,  234,    0
196200,20180607,  236,    0
196200,20180608,  204,    0
196200,20180609,  240,    0
196200,20180610,  245,    0
196200,20180611,  268,    0
196200,20180612,  252,    0
196200,20180613,  218,    0
196200,20180614,  197,    0
196200,20180615,  217,    0
196200,20180616,  232,    0
196200,20180617,  253,    0
196200,20180618,  245,    0
196200,20180619,  252,    0
196200,20180620,  258,    0
196200,20180621,  272,    0
196200,20180622,  221,    0
196200,20180623,  201,    0
196200,20180624,  222,    0
196200,20180625,  186,    0
196200,20180626,  204,    0
196200,20180627,  227,    0
196200,20180628,  227,    0
196200,20180629,  259,    0
196200,20180630,  286,    0
196200,20180701,  279,    0
196200,20180702,  257,    0
196200,20180703,  266,    0
196200,20180704,  262,    0
196200,20180705,  267,    0
196200,20180706,  242,    0
196200,20180707,  264,    0
196200,20180708,  265,    0
196200,20180709,  269,    0
196200,20180710,  270,    0
196200,20180711,  233,    0
196200,20180712,  244,    0
196200,20180713,  264,    0
196200,20180714,  277,    0
196200,20180715,  254,    0
196200,20180716,  236,    0
196200,20180717,  254,    0
196200,20180718,  291,    0
196200,20180719,  289,    0
196200,20180720,  287,    0
196200,20180721,  251,    0
196200,20180722,  242,    0
196200,20180723,  247,    0
196200,20180724,  278,    0
196200,20180725,  283,    0
196200,20180726,  271,    0
196200,20180727,  279,    0
196200,20180728,  280,    0
196200,20180729,  279,    0
196200,20180730,  292,    0
196200,20180731,  309,    0
196200,20180801,  312,    0
196200,20180802,  286,    0
196200,20180803,  272,    0
196200,20180804,  282,    0
196200,20180805,  294,    0
196200,20180806,  305,    0
196200,20180807,  285,    0
196200,20180808,  275,    0
196200,20180809,  286,    0
196200,20180810,  283,    0
196200,20180811,  276,    0
196200,20180812,  267,    0
196200,20180813,  271,    0
196200,20180814,  230,    0
196200,20180815,  224,    0
196200,20180816,  249,    0
196200,20180817,  262,    0
196200,20180818,  268,    0
196200,20180819,  265,    0
196200,20180820,  274,    0
196200,20180821,  274,    0
196200,20180822,  280,    0
196200,20180823,  275,    0
196200,20180824,  278,    0
196200,20180825,  242,    0
196200,20180826,  176,    0
196200,20180827,  205,    0
196200,20180828,  242,    0
196200,20180829,  268,    0
196200,20180830,  258,    0
196200,20180831,  245,    0
196200,20180901,  193,    0
196200,20180902,  189,    0
196200,20180903,  197,    0
196200,20180904,  224,    0
196200,20180905,  239,    0
196200,20180906,  246,    0
196200,20180907,  216,    0
196200,20180908,  231,    0
196200,20180909,  250,    0
196200,20180910,  258,    0
196200,20180911,  265,    0
196200,20180912,  272,    0
196200,20180913,  248,    0
196200,20180914,  255,    0
196200,20180915,  240,    0
196200,20180916,  246,    0
196200,20180917,-9999,    9
196200,20180918,-9999,    9
196200,20180919,-9999,    9
196200,20180920,-9999,    9
196200,20180921,-9999,    9
196200,20180922,  261,    0
196200,20180923,  261,    0
196200,20180924,-9999,    9
196200,20180925,  158,    0
196200,20180926,  145,    0
196200,20180927,  180,    0
196200,20180928,  216,    0
196200,20180929,  201,    0
196200,20180930,  184,    0
196200,20181001,  148,    0
196200,20181002,  132,    0
196200,20181003,  164,    0
196200,20181004,  175,    0
196200,20181005,  170,    0
196200,20181006,  159,    0
196200,20181007,  182,    0
196200,20181008,  186,    0
196200,20181009,  191,    0
196200,20181010,  190,    0
196200,20181011,  178,    0
196200,20181012,  186,    0
196200,20181013,  184,    0
196200,20181014,  179,    0
196200,20181015,  172,    0
196200,20181016,  169,    0
196200,20181017,  160,    0
196200,20181018,  182,    0
196200,20181019,  189,    0
196200,20181020,  188,    0
196200,20181021,  151,    0
196200,20181022,  122,    0
196200,20181023,  155,    0
196200,20181024,  246,    0
196200,20181025,  203,    0
196200,20181026,  190,    0
196200,20181027,  197,    0
196200,20181028,  193,    0
196200,20181029,  175,    0
196200,20181030,  132,    0
196200,20181031,  145,    0
196200,20181101,  154,    0
196200,20181102,  138,    0
196200,20181103,-9999,    9
196200,20181104,-9999,    9
196200,20181105,-9999,    9
196200,20181106,  164,    0
196200,20181107,  156,    0
196200,20181108,  155,    0
196200,20181109,  148,    0
196200,20181110,  138,    0
196200,20181111,  168,    0
196200,20181112,  156,    0
196200,20181113,  154,    0
196200,20181114,  137,    0
196200,20181115,  122,    0
196200,20181116,   97,    0
196200,20181117,   75,    0
196200,20181118,   53,    0
196200,20181119,   49,    0
196200,20181120,   37,    0
196200,20181121,   79,    0
196200,20181122,   90,    0
196200,20181123,  101,    0
196200,20181124,  128,    0
196200,20181125,   95,    0
196200,20181126,  101,    0
196200,20181127,   91,    0
196200,20181128,   80,    0
196200,20181129,   66,    0
196200,20181130,   45,    0
196200,20181201,   56,    0
196200,20181202,   75,    0
196200,20181203,   87,    0
196200,20181204,  122,    0
196200,20181205,  115,    0
196200,20181206,-9999,    9
196200,20181207,-9999,    9
196200,20181208,-9999,    9
196200,20181209,  139,    0
196200,20181210,  118,    0
196200,20181211,   83,    0
196200,20181212,   67,    0
196200,20181213,-9999,    9
196200,20181214,-9999,    9
196200,20181215,   27,    0
196200,20181216,   39,    0
196200,20181217,-9999,    9
196200,20181218,   66,    0
196200,20181219,   60,    0
196200,20181220,   35,    0
196200,20181221,   60,    0
196200,20181222,  123,    0
196200,20181223,  121,    0
196200,20181224,  122,    0
196200,20181225,   90,    0
196200,20181226,   88,    0
196200,20181227,   88,    0
196200,20181228,  106,    0
196200,20181229,  108,    0
196200,20181230,  113,    0
196200,20181231,  110,    0
196200,20190101,   79,    0
196200,20190102,   61,    0
196200,20190103,   39,    0
196200,20190104,   41,    0
196200,20190105,   69,    0
196200,20190106,  114,    0
196200,20190107,   84,    0
196200,20190108,   74,    0
196200,20190109,   66,    0
196200,20190110,   51,    0
196200,20190111,   43,    0
196200,20190112,   75,    0
196200,20190113,  100,    0
196200,20190114,  114,    0
196200,20190115,   98,    0
196200,20190116,  103,    0
196200,20190117,   99,    0
196200,20190118,   71,    0
196200,20190119,   36,    0
196200,20190120,   33,    0
196200,20190121,   27,    0
196200,20190122,   17,    0
196200,20190123,   17,    0
196200,20190124,   16,    0
196200,20190125,   25,    0
196200,20190126,   67,    0
196200,20190127,   83,    0
196200,20190128,   44,    0
196200,20190129,   53,    0
196200,20190130,   38,    0
196200,20190131,   42,    0
196200,20190201,   85,    0
196200,20190202,   96,    0
196200,20190203,   64,    0
196200,20190204,   60,    0
196200,20190205,   63,    0
196200,20190206,   73,    0
196200,20190207,   92,    0
196200,20190208,   89,    0
196200,20190209,  109,    0
196200,20190210,  115,    0
196200,20190211,   98,    0
196200,20190212,  101,    0
196200,20190213,   93,    0
196200,20190214,  112,    0
196200,20190215,  121,    0
196200,20190216,  125,    0
196200,20190217,  142,    0
196200,20190218,  130,    0
196200,20190219,  100,    0
196200,20190220,  102,    0
196200,20190221,-9999,    9
196200,20190222,  141,    0
196200,20190223,   59,    0
196200,20190224,   43,    0
196200,20190225,  102,    0
196200,20190226,  147,    0
196200,20190227,  182,    0
196200,20190228,  154,    0
196200,20190301,  121,    0
196200,20190302,  139,    0
196200,20190303,  150,    0
196200,20190304,  134,    0
196200,20190305,  133,    0
196200,20190306,  141,    0
196200,20190307,  145,    0
196200,20190308,  141,    0
196200,20190309,  135,    0
196200,20190310,  138,    0
196200,20190311,  132,    0
196200,20190312,   97,    0
196200,20190313,   92,    0
196200,20190314,  114,    0
196200,20190315,  163,    0
196200,20190316,  171,    0
196200,20190317,  141,    0
196200,20190318,   89,    0
196200,20190319,   61,    0
196200,20190320,   75,    0
196200,20190321,   91,    0
196200,20190322,  127,    0
196200,20190323,  159,    0
196200,20190324,  186,    0
196200,20190325,  166,    0
196200,20190326,   67,    0
196200,20190327,   89,    0
196200,20190328,   93,    0
196200,20190329,  113,    0
196200,20190330,  144,    0
196200,20190331,  162,    0
196200,20190401,  170,    0
196200,20190402,  174,    0
196200,20190403,  135,    0
196200,20190404,  122,    0
196200,20190405,  104,    0
196200,20190406,  128,    0
196200,20190407,  125,    0
196200,20190408,  131,    0
196200,20190409,  141,    0
196200,20190410,  135,    0
196200,20190411,  116,    0
196200,20190412,  102,    0
196200,20190413,   88,    0
196200,20190414,   86,    0
196200,20190415,  110,    0
196200,20190416,  147,    0
196200,20190417,  163,    0
196200,20190418,  161,    0
196200,20190419,  155,    0
196200,20190420,  172,    0
196200,20190421,  173,    0
196200,20190422,-9999,    9
196200,20190423,-9999,    9
196200,20190424,-9999,    9
196200,20190425,-9999,    9
196200,20190426,-9999,    9
196200,20190427,  135,    0
196200,20190428,   89,    0
196200,20190429,   54,    0
196200,20190430,  125,    0
196200,20190501,  135,    0
196200,20190502,  140,    0
196200,20190503,  123,    0
196200,20190504,  112,    0
196200,20190505,   48,    0
196200,20190506,   66,    0
196200,20190507,  112,    0
196200,20190508,  106,    0
196200,20190509,  118,    0
196200,20190510,  147,    0
196200,20190511,  135,    0
196200,20190512,   76,    0
196200,20190513,   78,    0
196200,20190514,   84,    0
196200,20190515,   49,    0
196200,20190516,  101,    0
196200,20190517,  125,    0
196200,20190518,  102,    0
196200,20190519,  110,    0
196200,20190520,  126,    0
196200,20190521,  147,    0
196200,20190522,  144,    0
196200,20190523,  159,    0
196200,20190524,  169,    0
196200,20190525,  165,    0
196200,20190526,  130,    0
196200,20190527,  121,    0
196200,20190528,  137,    0
196200,20190529,  101,    0
196200,20190530,  130,    0
196200,20190531,-9999,    9
196200,20190601,-9999,    9
196200,20190602,-9999,    9
196200,20190603,-9999,    9
196200,20190604,-9999,    9
196200,20190605,-9999,    9
196200,20190606,-9999,    9
196200,20190607,-9999,    9
196200,20190608,-9999,    9
196200,20190609,-9999,    9
196200,20190610,-9999,    9
196200,20190611,-9999,    9
196200,20190612,-9999,    9
196200,20190613,-9999,    9
196200,20190614,-9999,    9
196200,20190615,-9999,    9
196200,20190616,-9999,    9
196200,20190617,-9999,    9
196200,20190618,-9999,    9
196200,20190619,-9999,    9
196200,20190620,-9999,    9
196200,20190621,-9999,    9
196200,20190622,-9999,    9
196200,20190623,-9999,    9
196200,20190624,-9999,    9
196200,20190625,-9999,    9
196200,20190626,-9999,    9
196200,20190627,-9999,    9
196200,20190628,-9999,    9
196200,20190629,-9999,    9
196200,20190630,-9999,    9
196200,20190701,-9999,    9
196200,20190702,-9999,    9
196200,20190703,-9999,    9
196200,20190704,-9999,    9
196200,20190705,-9999,    9
196200,20190706,-9999,    9
196200,20190707,-9999,    9
196200,20190708,-9999,    9
196200,20190709,-9999,    9
196200,20190710,-9999,    9
196200,20190711,-9999,    9
196200,20190712,-9999,    9
196200,20190713,-9999,    9
196200,20190714,-9999,    9
196200,20190715,-9999,    9
196200,20190716,-9999,    9
196200,20190717,-9999,    9
196200,20190718,-9999,    9
196200,20190719,-9999,    9
196200,20190720,-9999,    9
196200,20190721,-9999,    9
196200,20190722,-9999,    9
196200,20190723,-9999,    9
196200,20190724,-9999,    9
196200,20190725,-9999,    9
196200,20190726,-9999,    9
196200,20190727,-9999,    9
196200,20190728,-9999,    9
196200,20190729,-9999,    9
196200,20190730,-9999,    9
196200,20190731,-9999,    9
196200,20190801,-9999,    9
196200,20190802,-9999,    9
196200,20190803,-9999,    9
196200,20190804,-9999,    9
196200,20190805,-9999,    9
196200,20190806,-9999,    9
196200,20190807,-9999,    9
196200,20190808,-9999,    9
196200,20190809,-9999,    9
196200,20190810,-9999,    9
196200,20190811,-9999,    9
196200,20190812,-9999,    9
196200,20190813,-9999,    9
196200,20190814,-9999,    9
196200,20190815,-9999,    9
196200,20190816,-9999,    9
196200,20190817,-9999,    9
196200,20190818,-9999,    9
196200,20190819,-9999,    9
196200,20190820,-9999,    9
196200,20190821,-9999,    9
196200,20190822,-9999,    9
196200,20190823,-9999,    9
196200,20190824,-9999,    9
196200,20190825,-9999,    9
196200,20190826,-9999,    9
196200,20190827,-9999,    9
196200,20190828,-9999,    9
196200,20190829,-9999,    9
196200,20190830,-9999,    9
196200,20190831,-9999,    9
196200,20190901,-9999,    9
196200,20190902,-9999,    9
196200,20190903,-9999,    9
196200,20190904,-9999,    9
196200,20190905,-9999,    9
196200,20190906,-9999,    9
196200,20190907,-9999,    9
196200,20190908,-9999,    9
196200,20190909,-9999,    9
196200,20190910,-9999,    9
196200,20190911,-9999,    9
196200,20190912,-9999,    9
196200,20190913,-9999,    9
196200,20190914,-9999,    9
196200,20190915,-9999,    9
196200,20190916,-9999,    9
196200,20190917,-9999,    9
196200,20190918,-9999,    9
196200,20190919,-9999,    9
196200,20190920,-9999,    9
196200,20190921,-9999,    9
196200,20190922,-9999,    9
196200,20190923,-9999,    9
196200,20190924,-9999,    9
196200,20190925,-9999,    9
196200,20190926,-9999,    9
196200,20190927,-9999,    9
196200,20190928,-9999,    9
196200,20190929,-9999,    9
196200,20190930,-9999,    9
196200,20191001,-9999,    9
196200,20191002,-9999,    9
196200,20191003,-9999,    9
196200,20191004,-9999,    9
196200,20191005,-9999,    9
196200,20191006,-9999,    9
196200,20191007,-9999,    9
196200,20191008,-9999,    9
196200,20191009,-9999,    9
196200,20191010,-9999,    9
196200,20191011,-9999,    9
196200,20191012,-9999,    9
196200,20191013,-9999,    9
196200,20191014,-9999,    9
196200,20191015,-9999,    9
196200,20191016,-9999,    9
196200,20191017,-9999,    9
196200,20191018,-9999,    9
196200,20191019,-9999,    9
196200,20191020,-9999,    9
196200,20191021,-9999,    9
196200,20191022,-9999,    9
196200,20191023,-9999,    9
196200,20191024,-9999,    9
196200,20191025,-9999,    9
196200,20191026,-9999,    9
196200,20191027,-9999,    9
196200,20191028,-9999,    9
196200,20191029,-9999,    9
196200,20191030,-9999,    9
196200,20191031,-9999,    9
196200,20191101,-9999,    9
196200,20191102,-9999,    9
196200,20191103,-9999,    9
196200,20191104,-9999,    9
196200,20191105,-9999,    9
196200,20191106,-9999,    9
196200,20191107,-9999,    9
196200,20191108,-9999,    9
196200,20191109,-9999,    9
196200,20191110,-9999,    9
196200,20191111,-9999,    9
196200,20191112,-9999,    9
196200,20191113,-9999,    9
196200,20191114,-9999,    9
196200,20191115,-9999,    9
196200,20191116,-9999,    9
196200,20191117,-9999,    9
196200,20191118,-9999,    9
196200,20191119,-9999,    9
196200,20191120,-9999,    9
196200,20191121,-9999,    9
196200,20191122,-9999,    9
196200,20191123,-9999,    9
196200,20191124,-9999,    9
196200,20191125,-9999,    9
196200,20191126,-9999,    9
196200,20191127,-9999,    9
196200,20191128,-9999,    9
196200,20191129,-9999,    9
196200,20191130,-9999,    9
196200,20191201,-9999,    9
196200,20191202,-9999,    9
196200,20191203,-9999,    9
196200,20191204,-9999,    9
196200,20191205,-9999,    9
196200,20191206,-9999,    9
196200,20191207,-9999,    9
196200,20191208,-9999,    9
196200,20191209,-9999,    9
196200,20191210,-9999,    9
196200,20191211,-9999,    9
196200,20191212,-9999,    9
196200,20191213,-9999,    9
196200,20191214,-9999,    9
196200,20191215,-9999,    9
196200,20191216,-9999,    9
196200,20191217,-9999,    9
196200,20191218,-9999,    9
196200,20191219,-9999,    9
196200,20191220,-9999,    9
196200,20191221,-9999,    9
196200,20191222,-9999,    9
196200,20191223,-9999,    9
196200,20191224,-9999,    9
196200,20191225,-9999,    9
196200,20191226,-9999,    9
196200,20191227,-9999,    9
196200,20191228,-9999,    9
196200,20191229,-9999,    9
196200,20191230,-9999,    9
196200,20191231,   75,    0
196200,20200101,   72,    0
196200,20200102,   51,    0
196200,20200103,   67,    0
196200,20200104,   78,    0
196200,20200105,   80,    0
196200,20200106,   39,    0
196200,20200107,   32,    0
196200,20200108,   57,    0
196200,20200109,   81,    0
196200,20200110,   75,    0
196200,20200111,   55,    0
196200,20200112,   53,    0
196200,20200113,   41,    0
196200,20200114,   54,    0
196200,20200115,   63,    0
196200,20200116,   51,    0
196200,20200117,   68,    0
196200,20200118,   34,    0
196200,20200119,   25,    0
196200,20200120,   18,    0
196200,20200121,   16,    0
196200,20200122,   63,    0
196200,20200123,   49,    0
196200,20200124,   36,    0
196200,20200125,   21,    0
196200,20200126,   40,    0
196200,20200127,   76,    0
196200,20200128,   91,    0
196200,20200129,   95,    0
196200,20200130,   90,    0
196200,20200131,-9999,    9
196200,20200201,-9999,    9
196200,20200202,-9999,    9
196200,20200203,-9999,    9
196200,20200204,-9999,    9
196200,20200205,-9999,    9
196200,20200206,-9999,    9
196200,20200207,-9999,    9
196200,20200208,-9999,    9
196200,20200209,-9999,    9
196200,20200210,-9999,    9
196200,20200211,-9999,    9
196200,20200212,-9999,    9
196200,20200213,-9999,    9
196200,20200214,-9999,    9
196200,20200215,-9999,    9
196200,20200216,-9999,    9
196200,20200217,-9999,    9
196200,20200218,-9999,    9
196200,20200219,-9999,    9
196200,20200220,-9999,    9
196200,20200221,-9999,    9
196200,20200222,-9999,    9
196200,20200223,-9999,    9
196200,20200224,-9999,    9
196200,20200225,-9999,    9
196200,20200226,-9999,    9
196200,20200227,-9999,    9
196200,20200228,-9999,    9
196200,20200229,-9999,    9
196200,20200301,-9999,    9
196200,20200302,-9999,    9
196200,20200303,-9999,    9
196200,20200304,-9999,    9
196200,20200305,-9999,    9
196200,20200306,-9999,    9
196200,20200307,-9999,    9
196200,20200308,-9999,    9
196200,20200309,-9999,    9
196200,20200310,-9999,    9
196200,20200311,-9999,    9
196200,20200312,-9999,    9
196200,20200313,-9999,    9
196200,20200314,-9999,    9
196200,20200315,-9999,    9
196200,20200316,-9999,    9
196200,20200317,-9999,    9
196200,20200318,-9999,    9
196200,20200319,-9999,    9
196200,20200320,-9999,    9
196200,20200321,-9999,    9
196200,20200322,-9999,    9
196200,20200323,-9999,    9
196200,20200324,-9999,    9
196200,20200325,-9999,    9
196200,20200326,-9999,    9
196200,20200327,-9999,    9
196200,20200328,-9999,    9
196200,20200329,-9999,    9
196200,20200330,-9999,    9
196200,20200331,-9999,    9
196200,20200401,-9999,    9
196200,20200402,-9999,    9
196200,20200403,-9999,    9
196200,20200404,-9999,    9
196200,20200405,-9999,    9
196200,20200406,-9999,    9
196200,20200407,-9999,    9
196200,20200408,-9999,    9
196200,20200409,-9999,    9
196200,20200410,-9999,    9
196200,20200411,-9999,    9
196200,20200412,-9999,    9
196200,20200413,-9999,    9
196200,20200414,-9999,    9
196200,20200415,-9999,    9
196200,20200416,-9999,    9
196200,20200417,-9999,    9
196200,20200418,-9999,    9
196200,20200419,-9999,    9
196200,20200420,-9999,    9
196200,20200421,-9999,    9
196200,20200422,-9999,    9
196200,20200423,-9999,    9
196200,20200424,-9999,    9
196200,20200425,-9999,    9
196200,20200426,-9999,    9
196200,20200427,-9999,    9
196200,20200428,-9999,    9
196200,20200429,-9999,    9
196200,20200430,  143,    0
196200,20200501,  146,    0
196200,20200502,  170,    0
196200,20200503,  140,    0
196200,20200504,  165,    0
196200,20200505,  169,    0
196200,20200506,  126,    0
196200,20200507,  154,    0
196200,20200508,  188,    0
196200,20200509,  184,    0
196200,20200510,  185,    0
196200,20200511,  143,    0
196200,20200512,  163,    0
196200,20200513,  163,    0
196200,20200514,  162,    0
196200,20200515,  167,    0
196200,20200516,  144,    0
196200,20200517,  167,    0
196200,20200518,  165,    0
196200,20200519,  145,    0
196200,20200520,-9999,    9
196200,20200521,  176,    0
196200,20200522,  207,    0
196200,20200523,  204,    0
196200,20200524,  171,    0
196200,20200525,  187,    0
196200,20200526,  168,    0
196200,20200527,  159,    0
196200,20200528,  181,    0
196200,20200529,  110,    0
196200,20200530,  139,    0
196200,20200531,  147,    0
196200,20200601,  174,    0
196200,20200602,  197,    0
196200,20200603,  188,    0
196200,20200604,  154,    0
196200,20200605,  176,    0
196200,20200606,  185,    0
196200,20200607,  180,    0
196200,20200608,  161,    0
196200,20200609,  157,    0
196200,20200610,  156,    0
196200,20200611,  141,    0
196200,20200612,  181,    0
196200,20200613,  184,    0
196200,20200614,  172,    0
196200,20200615,  170,    0
196200,20200616,  175,    0
196200,20200617,  177,    0
196200,20200618,  184,    0
196200,20200619,  190,    0
196200,20200620,  200,    0
196200,20200621,  209,    0
196200,20200622,  230,    0
196200,20200623,  241,    0
196200,20200624,  241,    0
196200,20200625,  229,    0
196200,20200626,  231,    0
196200,20200627,  246,    0
196200,20200628,  251,    0
196200,20200629,  243,    0
196200,20200630,  247,    0
196200,20200701,  246,    0
196200,20200702,  242,    0
196200,20200703,  201,    0
196200,20200704,  196,    0
196200,20200705,  232,    0
196200,20200706,  257,    0
196200,20200707,  176,    0
196200,20200708,  203,    0
196200,20200709,  235,    0
196200,20200710,  256,    0
196200,20200711,  232,    0
196200,20200712,  181,    0
196200,20200713,  185,    0
196200,20200714,  190,    0
196200,20200715,  191,    0
196200,20200716,  209,    0
196200,20200717,  188,    0
196200,20200718,  191,    0
196200,20200719,  219,    0
196200,20200720,  238,    0
196200,20200721,  247,    0
196200,20200722,  245,    0
196200,20200723,  229,    0
196200,20200724,  172,    0
196200,20200725,  220,    0
196200,20200726,  236,    0
196200,20200727,  242,    0
196200,20200728,  266,    0
196200,20200729,  266,    0
196200,20200730,  273,    0
196200,20200731,  256,    0
196200,20200801,  281,    0
196200,20200802,  241,    0
196200,20200803,  205,    0
196200,20200804,  161,    0
196200,20200805,  170,    0
196200,20200806,  197,    0
196200,20200807,  220,    0
196200,20200808,  242,    0
196200,20200809,  257,    0
196200,20200810,  262,    0
196200,20200811,  257,    0
196200,20200812,  254,    0
196200,20200813,  261,    0
196200,20200814,  248,    0
196200,20200815,  234,    0
196200,20200816,  241,    0
196200,20200817,  235,    0
196200,20200818,  214,    0
196200,20200819,  225,    0
196200,20200820,  245,    0
196200,20200821,  267,    0
196200,20200822,  273,    0
196200,20200823,  246,    0
196200,20200824,-9999,    9
196200,20200825,-9999,    9
196200,20200826,-9999,    9
196200,20200827,-9999,    9
196200,20200828,-9999,    9
196200,20200829,-9999,    9
196200,20200830,-9999,    9
196200,20200831,-9999,    9
196200,20200901,-9999,    9
196200,20200902,-9999,    9
196200,20200903,-9999,    9
196200,20200904,-9999,    9
196200,20200905,-9999,    9
196200,20200906,-9999,    9
196200,20200907,-9999,    9
196200,20200908,-9999,    9
196200,20200909,-9999,    9
196200,20200910,-9999,    9
196200,20200911,-9999,    9
196200,20200912,-9999,    9
196200,20200913,-9999,    9
196200,20200914,-9999,    9
196200,20200915,-9999,    9
196200,20200916,-9999,    9
196200,20200917,-9999,    9
196200,20200918,-9999,    9
196200,20200919,-9999,    9
196200,20200920,-9999,    9
196200,20200921,-9999,    9
196200,20200922,-9999,    9
196200,20200923,-9999,    9
196200,20200924,-9999,    9
196200,20200925,-9999,    9
196200,20200926,-9999,    9
196200,20200927,-9999,    9
196200,20200928,-9999,    9
196200,20200929,-9999,    9
196200,20200930,-9999,    9
196200,20201001,-9999,    9
196200,20201002,-9999,    9
196200,20201003,-9999,    9
196200,20201004,-9999,    9
196200,20201005,-9999,    9
196200,20201006,-9999,    9
196200,20201007,-9999,    9
196200,20201008,-9999,    9
196200,20201009,-9999,    9
196200,20201010,-9999,    9
196200,20201011,-9999,    9
196200,20201012,-9999,    9
196200,20201013,-9999,    9
196200,20201014,-9999,    9
196200,20201015,-9999,    9
196200,20201016,-9999,    9
196200,20201017,-9999,    9
196200,20201018,-9999,    9
196200,20201019,-9999,    9
196200,20201020,-9999,    9
196200,20201021,-9999,    9
196200,20201022,-9999,    9
196200,20201023,-9999,    9
196200,20201024,-9999,    9
196200,20201025,-9999,    9
196200,20201026,-9999,    9
196200,20201027,-9999,    9
196200,20201028,-9999,    9
196200,20201029,-9999,    9
196200,20201030,-9999,    9
196200,20201031,-9999,    9
196200,20201101,-9999,    9
196200,20201102,-9999,    9
196200,20201103,-9999,    9
196200,20201104,-9999,    9
196200,20201105,-9999,    9
196200,20201106,-9999,    9
196200,20201107,-9999,    9
196200,20201108,-9999,    9
196200,20201109,-9999,    9
196200,20201110,-9999,    9
196200,20201111,-9999,    9
196200,20201112,-9999,    9
196200,20201113,-9999,    9
196200,20201114,-9999,    9
196200,20201115,-9999,    9
196200,20201116,-9999,    9
196200,20201117,-9999,    9
196200,20201118,-9999,    9
196200,20201119,-9999,    9
196200,20201120,-9999,    9
196200,20201121,-9999,    9
196200,20201122,-9999,    9
196200,20201123,-9999,    9
196200,20201124,-9999,    9
196200,20201125,-9999,    9
196200,20201126,-9999,    9
196200,20201127,-9999,    9
196200,20201128,-9999,    9
196200,20201129,-9999,    9
196200,20201130,-9999,    9
196200,20201201,-9999,    9
196200,20201202,-9999,    9
196200,20201203,-9999,    9
196200,20201204,-9999,    9
196200,20201205,-9999,    9
196200,20201206,-9999,    9
196200,20201207,-9999,    9
196200,20201208,-9999,    9
196200,20201209,-9999,    9
196200,20201210,-9999,    9
196200,20201211,-9999,    9
196200,20201212,-9999,    9
196200,20201213,-9999,    9
196200,20201214,-9999,    9
196200,20201215,-9999,    9
196200,20201216,-9999,    9
196200,20201217,-9999,    9
196200,20201218,-9999,    9
196200,20201219,-9999,    9
196200,20201220,-9999,    9
196200,20201221,-9999,    9
196200,20201222,-9999,    9
196200,20201223,-9999,    9
196200,20201224,-9999,    9
196200,20201225,-9999,    9
196200,20201226,-9999,    9
196200,20201227,-9999,    9
196200,20201228,-9999,    9
196200,20201229,-9999,    9
196200,20201230,-9999,    9
196200,20201231,-9999,    9
196200,20210101,-9999,    9
196200,20210102,-9999,    9
196200,20210103,-9999,    9
196200,20210104,-9999,    9
196200,20210105,-9999,    9
196200,20210106,-9999,    9
196200,20210107,-9999,    9
196200,20210108,-9999,    9
196200,20210109,-9999,    9
196200,20210110,-9999,    9
196200,20210111,-9999,    9
196200,20210112,-9999,    9
196200,20210113,-9999,    9
196200,20210114,-9999,    9
196200,20210115,-9999,    9
196200,20210116,-9999,    9
196200,20210117,-9999,    9
196200,20210118,-9999,    9
196200,20210119,-9999,    9
196200,20210120,-9999,    9
196200,20210121,-9999,    9
196200,20210122,-9999,    9
196200,20210123,-9999,    9
196200,20210124,-9999,    9
196200,20210125,-9999,    9
196200,20210126,-9999,    9
196200,20210127,-9999,    9
196200,20210128,-9999,    9
196200,20210129,-9999,    9
196200,20210130,-9999,    9
196200,20210131,-9999,    9
196200,20210201,-9999,    9
196200,20210202,-9999,    9
196200,20210203,-9999,    9
196200,20210204,-9999,    9
196200,20210205,-9999,    9
196200,20210206,-9999,    9
196200,20210207,-9999,    9
196200,20210208,-9999,    9
196200,20210209,-9999,    9
196200,20210210,-9999,    9
196200,20210211,-9999,    9
196200,20210212,-9999,    9
196200,20210213,-9999,    9
196200,20210214,-9999,    9
196200,20210215,-9999,    9
196200,20210216,-9999,    9
196200,20210217,-9999,    9
196200,20210218,-9999,    9
196200,20210219,-9999,    9
196200,20210220,-9999,    9
196200,20210221,-9999,    9
196200,20210222,-9999,    9
196200,20210223,-9999,    9
196200,20210224,-9999,    9
196200,20210225,-9999,    9
196200,20210226,-9999,    9
196200,20210227,-9999,    9
196200,20210228,-9999,    9
196200,20210301,-9999,    9
196200,20210302,-9999,    9
196200,20210303,-9999,    9
196200,20210304,-9999,    9
196200,20210305,-9999,    9
196200,20210306,-9999,    9
196200,20210307,-9999,    9
196200,20210308,-9999,    9
196200,20210309,-9999,    9
196200,20210310,-9999,    9
196200,20210311,-9999,    9
196200,20210312,-9999,    9
196200,20210313,-9999,    9
196200,20210314,-9999,    9
196200,20210315,-9999,    9
196200,20210316,-9999,    9
196200,20210317,   72,    0
196200,20210318,   42,    0
196200,20210319,   27,    0
196200,20210320,   19,    0
196200,20210321,   14,    0
196200,20210322,   59,    0
196200,20210323,   62,    0
196200,20210324,   95,    0
196200,20210325,  115,    0
196200,20210326,  108,    0
196200,20210327,  113,    0
196200,20210328,-9999,    9
196200,20210329,-9999,    9
196200,20210330,-9999,    9
196200,20210331,-9999,    9
196200,20210401,-9999,    9
196200,20210402,-9999,    9
196200,20210403,-9999,    9
196200,20210404,-9999,    9
196200,20210405,-9999,    9
196200,20210406,-9999,    9
196200,20210407,-9999,    9
196200,20210408,-9999,    9
196200,20210409,-9999,    9
196200,20210410,-9999,    9
196200,20210411,-9999,    9
196200,20210412,-9999,    9
196200,20210413,-9999,    9
196200,20210414,-9999,    9
196200,20210415,-9999,    9
196200,20210416,-9999,    9
196200,20210417,-9999,    9
196200,20210418,-9999,    9
196200,20210419,-9999,    9
196200,20210420,-9999,    9
196200,20210421,-9999,    9
196200,20210422,-9999,    9
196200,20210423,-9999,    9
196200,20210424,-9999,    9
196200,20210425,-9999,    9
196200,20210426,-9999,    9
196200,20210427,-9999,    9
196200,20210428,-9999,    9
196200,20210429,-9999,    9
196200,20210430,-9999,    9
196200,20210501,-9999,    9
196200,20210502,-9999,    9
196200,20210503,-9999,    9
196200,20210504,-9999,    9
196200,20210505,-9999,    9
196200,20210506,-9999,    9
196200,20210507,-9999,    9
196200,20210508,-9999,    9
196200,20210509,-9999,    9
196200,20210510,-9999,    9
196200,20210511,-9999,    9
196200,20210512,-9999,    9
196200,20210513,-9999,    9
196200,20210514,-9999,    9
196200,20210515,-9999,    9
196200,20210516,-9999,    9
196200,20210517,-9999,    9
196200,20210518,-9999,    9
196200,20210519,-9999,    9
196200,20210520,-9999,    9
196200,20210521,-9999,    9
196200,20210522,-9999,    9
196200,20210523,-9999,    9
196200,20210524,-9999,    9
196200,20210525,-9999,    9
196200,20210526,-9999,    9
196200,20210527,-9999,    9
196200,20210528,-9999,    9
196200,20210529,-9999,    9
196200,20210530,-9999,    9
196200,20210531,-9999,    9
196200,20210601,-9999,    9
196200,20210602,-9999,    9
196200,20210603,-9999,    9
196200,20210604,-9999,    9
196200,20210605,-9999,    9
196200,20210606,-9999,    9
196200,20210607,-9999,    9
196200,20210608,-9999,    9
196200,20210609,-9999,    9
196200,20210610,-9999,    9
196200,20210611,-9999,    9
196200,20210612,-9999,    9
196200,20210613,-9999,    9
196200,20210614,-9999,    9
196200,20210615,-9999,    9
196200,20210616,  219,    0
196200,20210617,  236,    0
196200,20210618,  246,    0
196200,20210619,  239,    0
196200,20210620,  248,    0
196200,20210621,  239,    0
196200,20210622,  236,    0
196200,20210623,  232,    0
196200,20210624,  234,    0
196200,20210625,  218,    0
196200,20210626,  227,    0
196200,20210627,  241,    0
196200,20210628,  254,    0
196200,20210629,  245,    0
196200,20210630,  209,    0
196200,20210701,  205,    0
196200,20210702,  219,    0
196200,20210703,  231,    0
196200,20210704,  203,    0
196200,20210705,  227,    0
196200,20210706,  249,    0
196200,20210707,-9999,    9
196200,20210708,-9999,    9
196200,20210709,-9999,    9
196200,20210710,-9999,    9
196200,20210711,-9999,    9
196200,20210712,-9999,    9
196200,20210713,-9999,    9
196200,20210714,-9999,    9
196200,20210715,-9999,    9
196200,20210716,-9999,    9
196200,20210717,-9999,    9
196200,20210718,-9999,    9
196200,20210719,-9999,    9
196200,20210720,  252,    0
196200,20210721,  248,    0
196200,20210722,  236,    0
196200,20210723,  240,    0
196200,20210724,  253,    0
196200,20210725,  248,    0
196200,20210726,  241,    0
196200,20210727,-9999,    9
196200,20210728,-9999,    9
196200,20210729,-9999,    9
196200,20210730,-9999,    9
196200,20210731,-9999,    9
196200,20210801,-9999,    9
196200,20210802,-9999,    9
196200,20210803,-9999,    9
196200,20210804,-9999,    9
196200,20210805,-9999,    9
196200,20210806,-9999,    9
196200,20210807,-9999,    9
196200,20210808,-9999,    9
196200,20210809,-9999,    9
196200,20210810,-9999,    9
196200,20210811,-9999,    9
196200,20210812,-9999,    9
196200,20210813,-9999,    9
196200,20210814,-9999,    9
196200,20210815,-9999,    9
196200,20210816,-9999,    9
196200,20210817,-9999,    9
196200,20210818,-9999,    9
196200,20210819,-9999,    9
196200,20210820,-9999,    9
196200,20210821,-9999,    9
196200,20210822,-9999,    9
196200,20210823,-9999,    9
196200,20210824,-9999,    9
196200,20210825,-9999,    9
196200,20210826,-9999,    9
196200,20210827,-9999,    9
196200,20210828,-9999,    9
196200,20210829,-9999,    9
196200,20210830,-9999,    9
196200,20210831,  177,    0
196200,20210901,  186,    0
196200,20210902,  188,    0
196200,20210903,  186,    0
196200,20210904,  179,    0
196200,20210905,  193,    0
196200,20210906,  192,    0
196200,20210907,  196,    0
196200,20210908,  192,    0
196200,20210909,  197,    0
196200,20210910,  205,    0
196200,20210911,  207,    0
196200,20210912,  209,    0
196200,20210913,  228,    0
196200,20210914,  230,    0
196200,20210915,  218,    0
196200,20210916,  198,    0
196200,20210917,  196,    0
196200,20210918,  196,    0
196200,20210919,  178,    0
196200,20210920,  158,    0
196200,20210921,  140,    0
196200,20210922,  149,    0
196200,20210923,  155,    0
196200,20210924,  187,    0
196200,20210925,  190,    0
196200,20210926,  176,    0
196200,20210927,  158,    0
196200,20210928,  178,    0
196200,20210929,  184,    0
196200,20210930,  155,    0
196200,20211001,  150,    0
196200,20211002,  155,    0
196200,20211003,  181,    0
196200,20211004,  180,    0
196200,20211005,  157,    0
196200,20211006,  131,    0
196200,20211007,   90,    0
196200,20211008,  103,    0
196200,20211009,   92,    0
196200,20211010,   76,    0
196200,20211011,   95,    0
196200,20211012,  114,    0
196200,20211013,   91,    0
196200,20211014,   81,    0
196200,20211015,   91,    0
196200,20211016,  103,    0
196200,20211017,  110,    0
196200,20211018,  119,    0
196200,20211019,  122,    0
196200,20211020,  133,    0
196200,20211021,  141,    0
196200,20211022,  128,    0
196200,20211023,  111,    0
196200,20211024,   93,    0
196200,20211025,   82,    0
196200,20211026,   83,    0
196200,20211027,   96,    0
196200,20211028,   95,    0
196200,20211029,   92,    0
196200,20211030,   88,    0
196200,20211031,   83,    0
196200,20211101,   95,    0
196200,20211102,  117,    0
196200,20211103,  126,    0
196200,20211104,  102,    0
196200,20211105,   76,    0
196200,20211106,   62,    0
196200,20211107,   70,    0
196200,20211108,   60,    0
196200,20211109,   58,    0
196200,20211110,   78,    0
196200,20211111,   94,    0
196200,20211112,  102,    0
196200,20211113,  115,    0
196200,20211114,   96,    0
196200,20211115,   96,    0
196200,20211116,   60,    0
196200,20211117,   73,    0
196200,20211118,   90,    0
196200,20211119,   83,    0
196200,20211120,  102,    0
196200,20211121,   96,    0
196200,20211122,   64,    0
196200,20211123,   57,    0
196200,20211124,   40,    0
196200,20211125,   31,    0
196200,20211126,   59,    0
196200,20211127,   70,    0
196200,20211128,   39,    0
196200,20211129,   18,    0
196200,20211130,   45,    0
196200,20211201,   76,    0
196200,20211202,   43,    0
196200,20211203,   23,    0
196200,20211204,   33,    0
196200,20211205,   22,    0
196200,20211206,   18,    0
196200,20211207,   42,    0
196200,20211208,   33,    0
196200,20211209,    3,    0
196200,20211210,   15,    0
196200,20211211,   13,    0
196200,20211212,   48,    0
196200,20211213,   79,    0
196200,20211214,   73,    0
196200,20211215,   49,    0
196200,20211216,   44,    0
196200,20211217,   65,    0
196200,20211218,   53,    0
196200,20211219,   80,    0
196200,20211220,   70,    0
196200,20211221,   28,    0
196200,20211222,   20,    0
196200,20211223,   12,    0
196200,20211224,   60,    0
196200,20211225,   64,    0
196200,20211226,   52,    0
196200,20211227,   44,    0
196200,20211228,   44,    0
196200,20211229,   74,    0
196200,20211230,  107,    0
196200,20211231,  124,    0
196200,20220101,  119,    0
196200,20220102,   80,    0
196200,20220103,   73,    0
196200,20220104,   98,    0
196200,20220105,   73,    0
196200,20220106,    1,    0
196200,20220107,    3,    0
196200,20220108,    6,    0
196200,20220109,    0,    0
196200,20220110,    5,    0
196200,20220111,   16,    0
196200,20220112,    1,    0
196200,20220113,   17,    0
196200,20220114,   82,    0
196200,20220115,  101,    0
196200,20220116,   71,    0
196200,20220117,   87,    0
196200,20220118,   57,    0
196200,20220119,   45,    0
196200,20220120,   38,    0
196200,20220121,    5,    0
196200,20220122,   41,    0
196200,20220123,   45,    0
196200,20220124,   28,    0
196200,20220125,   20,    0
196200,20220126,   26,    0
196200,20220127,   58,    0
196200,20220128,   54,    0
196200,20220129,   64,    0
196200,20220130,   85,    0
196200,20220131,-9999,    9
196200,20220201,-9999,    9
196200,20220202,-9999,    9
196200,20220203,-9999,    9
196200,20220204,-9999,    9
196200,20220205,-9999,    9
196200,20220206,-9999,    9
196200,20220207,-9999,    9
196200,20220208,-9999,    9
196200,20220209,-9999,    9
196200,20220210,-9999,    9
196200,20220211,-9999,    9
196200,20220212,-9999,    9
196200,20220213,-9999,    9
196200,20220214,-9999,    9
196200,20220215,-9999,    9
196200,20220216,-9999,    9
196200,20220217,-9999,    9
196200,20220218,-9999,    9
196200,20220219,-9999,    9
196200,20220220,-9999,    9
196200,20220221,-9999,    9
196200,20220222,-9999,    9
196200,20220223,-9999,    9
196200,20220224,-9999,    9
196200,20220225,-9999,    9
196200,20220226,-9999,    9
196200,20220227,-9999,    9
196200,20220228,-9999,    9
