EUROPEAN CLIMATE ASSESSMENT & DATASET (ECA&D), file created on 08-04-2022
THESE DATA CAN BE USED FREELY PROVIDED THAT THE FOLLOWING SOURCE IS ACKNOWLEDGED:

Klein Tank, A.M.G. and Coauthors, 2002. Daily dataset of 20th-century surface
air temperature and precipitation series for the European Climate Assessment.
Int. J. of Climatol., 22, 1441-1453.
Data and metadata available at http://www.ecad.eu

FILE FORMAT (MISSING VALUE CODE IS -9999):

01-06 SOUID: Source identifier
08-15 DATE : Date YYYYMMDD
17-21 TG   : mean temperature in 0.1 &#176;C
23-27 Q_TG : Quality code for TG (0='valid'; 1='suspect'; 9='missing')

This is the blended series of station ITALY, CORTE_CENTRALE (STAID: 17603).
Blended and updated with sources: 194984 195088 195568 195616 
See file sources.txt and stations.txt for more info.

 SOUID,    DATE,   TG, Q_TG
195568,20121201,-9999,    9
195568,20121202,-9999,    9
195568,20121203,-9999,    9
195568,20121204,-9999,    9
195568,20121205,-9999,    9
195568,20121206,-9999,    9
195568,20121207,-9999,    9
195568,20121208,-9999,    9
195568,20121209,-9999,    9
195568,20121210,-9999,    9
195568,20121211,-9999,    9
195568,20121212,-9999,    9
195568,20121213,-9999,    9
195568,20121214,-9999,    9
195568,20121215,-9999,    9
195568,20121216,-9999,    9
195568,20121217,-9999,    9
195568,20121218,-9999,    9
195568,20121219,-9999,    9
195568,20121220,-9999,    9
195568,20121221,-9999,    9
195568,20121222,-9999,    9
195568,20121223,-9999,    9
195568,20121224,-9999,    9
195568,20121225,-9999,    9
195568,20121226,-9999,    9
195568,20121227,-9999,    9
195568,20121228,-9999,    9
195568,20121229,-9999,    9
195568,20121230,-9999,    9
195568,20121231,   -8,    0
195568,20130101,   19,    0
195568,20130102,   49,    0
195568,20130103,   58,    0
195568,20130104,   35,    0
195568,20130105,   14,    0
195568,20130106,   18,    0
195568,20130107,   28,    0
195568,20130108,   63,    0
195568,20130109,   57,    0
195568,20130110,   52,    0
195568,20130111,   33,    0
195568,20130112,   46,    0
195568,20130113,   53,    0
195568,20130114,   37,    0
195568,20130115,   35,    0
195568,20130116,   32,    0
195568,20130117,   19,    0
195568,20130118,   22,    0
195568,20130119,    7,    0
195568,20130120,   40,    0
195568,20130121,   41,    0
195568,20130122,   43,    0
195568,20130123,   39,    0
195568,20130124,   67,    0
195568,20130125,   47,    0
195568,20130126,   22,    0
195568,20130127,    0,    0
195568,20130128,   19,    0
195568,20130129,   23,    0
195568,20130130,   34,    0
195568,20130131,   37,    0
195568,20130201,   38,    0
195568,20130202,   51,    0
195568,20130203,   56,    0
195568,20130204,   47,    0
195568,20130205,   41,    0
195568,20130206,   38,    0
195568,20130207,   45,    0
195568,20130208,   33,    0
195568,20130209,   23,    0
195568,20130210,   10,    0
195568,20130211,   12,    0
195568,20130212,   19,    0
195568,20130213,   18,    0
195568,20130214,   43,    0
195568,20130215,   37,    0
195568,20130216,   49,    0
195568,20130217,   49,    0
195568,20130218,   41,    0
195568,20130219,   36,    0
195568,20130220,   40,    0
195568,20130221,   28,    0
195568,20130222,   14,    0
195568,20130223,   25,    0
195568,20130224,   54,    0
195568,20130225,   49,    0
195568,20130226,   50,    0
195568,20130227,   54,    0
195568,20130228,   57,    0
195568,20130301,   57,    0
195568,20130302,   52,    0
195568,20130303,   59,    0
195568,20130304,   59,    0
195568,20130305,   72,    0
195568,20130306,   94,    0
195568,20130307,  102,    0
195568,20130308,  101,    0
195568,20130309,  115,    0
195568,20130310,  115,    0
195568,20130311,  107,    0
195568,20130312,  104,    0
195568,20130313,   97,    0
195568,20130314,   76,    0
195568,20130315,   53,    0
195568,20130316,   44,    0
195568,20130317,   70,    0
195568,20130318,   65,    0
195568,20130319,   80,    0
195568,20130320,   77,    0
195568,20130321,   99,    0
195568,20130322,   93,    0
195568,20130323,  109,    0
195568,20130324,   74,    0
195568,20130325,   30,    0
195568,20130326,   49,    0
195568,20130327,   62,    0
195568,20130328,   73,    0
195568,20130329,   82,    0
195568,20130330,   86,    0
195568,20130331,   97,    0
195568,20130401,   90,    0
195568,20130402,   88,    0
195568,20130403,   90,    0
195568,20130404,   91,    0
195568,20130405,   91,    0
195568,20130406,  110,    0
195568,20130407,  101,    0
195568,20130408,   95,    0
195568,20130409,   99,    0
195568,20130410,  113,    0
195568,20130411,  134,    0
195568,20130412,  159,    0
195568,20130413,  142,    0
195568,20130414,  152,    0
195568,20130415,  154,    0
195568,20130416,  158,    0
195568,20130417,  169,    0
195568,20130418,  177,    0
195568,20130419,  181,    0
195568,20130420,  158,    0
195568,20130421,  136,    0
195568,20130422,  126,    0
195568,20130423,  128,    0
195568,20130424,  143,    0
195568,20130425,  161,    0
195568,20130426,  166,    0
195568,20130427,  163,    0
195568,20130428,  179,    0
195568,20130429,  178,    0
195568,20130430,  167,    0
195568,20130501,  189,    0
195568,20130502,  178,    0
195568,20130503,  170,    0
195568,20130504,  192,    0
195568,20130505,  185,    0
195568,20130506,  176,    0
195568,20130507,  175,    0
195568,20130508,  178,    0
195568,20130509,  201,    0
195568,20130510,  187,    0
195568,20130511,  172,    0
195568,20130512,  164,    0
195568,20130513,  156,    0
195568,20130514,  166,    0
195568,20130515,  186,    0
195568,20130516,  178,    0
195568,20130517,  166,    0
195568,20130518,  168,    0
195568,20130519,  172,    0
195568,20130520,  146,    0
195568,20130521,  150,    0
195568,20130522,  163,    0
195568,20130523,  178,    0
195568,20130524,  125,    0
195568,20130525,  111,    0
195568,20130526,  147,    0
195568,20130527,  161,    0
195568,20130528,  163,    0
195568,20130529,  175,    0
195568,20130530,  147,    0
195568,20130531,  159,    0
195568,20130601,  168,    0
195568,20130602,  180,    0
195568,20130603,  184,    0
195568,20130604,  192,    0
195568,20130605,  199,    0
195568,20130606,  202,    0
195568,20130607,  211,    0
195568,20130608,  221,    0
195568,20130609,  200,    0
195568,20130610,  188,    0
195568,20130611,  202,    0
195568,20130612,  220,    0
195568,20130613,  230,    0
195568,20130614,  225,    0
195568,20130615,  248,    0
195568,20130616,  252,    0
195568,20130617,  261,    0
195568,20130618,  271,    0
195568,20130619,  272,    0
195568,20130620,  271,    0
195568,20130621,  251,    0
195568,20130622,  236,    0
195568,20130623,  237,    0
195568,20130624,  200,    0
195568,20130625,  204,    0
195568,20130626,  182,    0
195568,20130627,  183,    0
195568,20130628,  161,    0
195568,20130629,  183,    0
195568,20130630,  203,    0
195568,20130701,  218,    0
195568,20130702,  229,    0
195568,20130703,  232,    0
195568,20130704,  250,    0
195568,20130705,  260,    0
195568,20130706,  263,    0
195568,20130707,  252,    0
195568,20130708,  256,    0
195568,20130709,  254,    0
195568,20130710,  254,    0
195568,20130711,  249,    0
195568,20130712,  235,    0
195568,20130713,  239,    0
195568,20130714,  232,    0
195568,20130715,  238,    0
195568,20130716,  242,    0
195568,20130717,  239,    0
195568,20130718,  236,    0
195568,20130719,  243,    0
195568,20130720,  252,    0
195568,20130721,  253,    0
195568,20130722,  253,    0
195568,20130723,  254,    0
195568,20130724,  256,    0
195568,20130725,  265,    0
195568,20130726,  278,    0
195568,20130727,  284,    0
195568,20130728,  285,    0
195568,20130729,  243,    0
195568,20130730,  233,    0
195568,20130731,  243,    0
195568,20130801,  256,    0
195568,20130802,  265,    0
195568,20130803,  271,    0
195568,20130804,  285,    0
195568,20130805,  286,    0
195568,20130806,  287,    0
195568,20130807,  278,    0
195568,20130808,  272,    0
195568,20130809,  254,    0
195568,20130810,  239,    0
195568,20130811,  241,    0
195568,20130812,  245,    0
195568,20130813,  254,    0
195568,20130814,  210,    0
195568,20130815,  213,    0
195568,20130816,  219,    0
195568,20130817,  229,    0
195568,20130818,  241,    0
195568,20130819,  245,    0
195568,20130820,  198,    0
195568,20130821,  210,    0
195568,20130822,  218,    0
195568,20130823,  224,    0
195568,20130824,  232,    0
195568,20130825,  217,    0
195568,20130826,  208,    0
195568,20130827,  209,    0
195568,20130828,  209,    0
195568,20130829,  215,    0
195568,20130830,  208,    0
195568,20130831,  211,    0
195568,20130901,  214,    0
195568,20130902,  217,    0
195568,20130903,  221,    0
195568,20130904,  228,    0
195568,20130905,  227,    0
195568,20130906,  228,    0
195568,20130907,  232,    0
195568,20130908,  245,    0
195568,20130909,  244,    0
195568,20130910,  216,    0
195568,20130911,  180,    0
195568,20130912,  174,    0
195568,20130913,  185,    0
195568,20130914,  187,    0
195568,20130915,  188,    0
195568,20130916,  199,    0
195568,20130917,  175,    0
195568,20130918,  155,    0
195568,20130919,  177,    0
195568,20130920,  189,    0
195568,20130921,  194,    0
195568,20130922,  183,    0
195568,20130923,  183,    0
195568,20130924,  189,    0
195568,20130925,  203,    0
195568,20130926,  204,    0
195568,20130927,  218,    0
195568,20130928,  215,    0
195568,20130929,  184,    0
195568,20130930,  142,    0
195568,20131001,  160,    0
195568,20131002,  164,    0
195568,20131003,  150,    0
195568,20131004,  140,    0
195568,20131005,  122,    0
195568,20131006,  147,    0
195568,20131007,  153,    0
195568,20131008,  144,    0
195568,20131009,  158,    0
195568,20131010,  164,    0
195568,20131011,  136,    0
195568,20131012,  139,    0
195568,20131013,  131,    0
195568,20131014,  131,    0
195568,20131015,  140,    0
195568,20131016,  155,    0
195568,20131017,  142,    0
195568,20131018,  137,    0
195568,20131019,  154,    0
195568,20131020,  166,    0
195568,20131021,  158,    0
195568,20131022,  165,    0
195568,20131023,  178,    0
195568,20131024,  175,    0
195568,20131025,  164,    0
195568,20131026,  173,    0
195568,20131027,  165,    0
195568,20131028,  176,    0
195568,20131029,  183,    0
195568,20131030,  178,    0
195568,20131031,  150,    0
195568,20131101,  126,    0
195568,20131102,  147,    0
195568,20131103,  155,    0
195568,20131104,  134,    0
195568,20131105,  129,    0
195568,20131106,  112,    0
195568,20131107,  125,    0
195568,20131108,  147,    0
195568,20131109,  141,    0
195568,20131110,  114,    0
195568,20131111,  129,    0
195568,20131112,  128,    0
195568,20131113,  125,    0
195568,20131114,  116,    0
195568,20131115,  107,    0
195568,20131116,  109,    0
195568,20131117,  104,    0
195568,20131118,  117,    0
195568,20131119,  133,    0
195568,20131120,  107,    0
195568,20131121,   85,    0
195568,20131122,   81,    0
195568,20131123,   89,    0
195568,20131124,   90,    0
195568,20131125,   61,    0
195568,20131126,   33,    0
195568,20131127,   30,    0
195568,20131128,   32,    0
195568,20131129,   13,    0
195568,20131130,   34,    0
195568,20131201,   64,    0
195568,20131202,   76,    0
195568,20131203,   41,    0
195568,20131204,   23,    0
195568,20131205,   13,    0
195568,20131206,   29,    0
195568,20131207,   30,    0
195568,20131208,   14,    0
195568,20131209,   12,    0
195568,20131210,   13,    0
195568,20131211,    5,    0
195568,20131212,   17,    0
195568,20131213,    8,    0
195568,20131214,    2,    0
195568,20131215,   29,    0
195568,20131216,    9,    0
195568,20131217,-9999,    9
195568,20131218,-9999,    9
195568,20131219,-9999,    9
195568,20131220,-9999,    9
195568,20131221,-9999,    9
195568,20131222,-9999,    9
195568,20131223,-9999,    9
195568,20131224,-9999,    9
195568,20131225,-9999,    9
195568,20131226,-9999,    9
195568,20131227,-9999,    9
195568,20131228,   48,    0
195568,20131229,   78,    0
195568,20131230,   84,    0
195568,20131231,   38,    0
195568,20140101,   23,    0
195568,20140102,   39,    0
195568,20140103,   57,    0
195568,20140104,   78,    0
195568,20140105,   85,    0
195568,20140106,   79,    0
195568,20140107,   51,    0
195568,20140108,   57,    0
195568,20140109,   73,    0
195568,20140110,   66,    0
195568,20140111,   82,    0
195568,20140112,   80,    0
195568,20140113,   76,    0
195568,20140114,   87,    0
195568,20140115,   48,    0
195568,20140116,   51,    0
195568,20140117,   84,    0
195568,20140118,   71,    0
195568,20140119,   82,    0
195568,20140120,   83,    0
195568,20140121,   93,    0
195568,20140122,   80,    0
195568,20140123,   76,    0
195568,20140124,   71,    0
195568,20140125,   47,    0
195568,20140126,   40,    0
195568,20140127,   57,    0
195568,20140128,   48,    0
195568,20140129,   46,    0
195568,20140130,   75,    0
195568,20140131,   62,    0
195568,20140201,   75,    0
195568,20140202,   90,    0
195568,20140203,   84,    0
195568,20140204,   71,    0
195568,20140205,   81,    0
195568,20140206,   79,    0
195568,20140207,   78,    0
195568,20140208,   88,    0
195568,20140209,   80,    0
195568,20140210,   71,    0
195568,20140211,   77,    0
195568,20140212,   79,    0
195568,20140213,   60,    0
195568,20140214,   80,    0
195568,20140215,   92,    0
195568,20140216,   86,    0
195568,20140217,   89,    0
195568,20140218,   91,    0
195568,20140219,  105,    0
195568,20140220,   92,    0
195568,20140221,  103,    0
195568,20140222,   82,    0
195568,20140223,   78,    0
195568,20140224,   72,    0
195568,20140225,   72,    0
195568,20140226,   84,    0
195568,20140227,   69,    0
195568,20140228,   82,    0
195568,20140301,   94,    0
195568,20140302,   86,    0
195568,20140303,   88,    0
195568,20140304,   93,    0
195568,20140305,  104,    0
195568,20140306,  110,    0
195568,20140307,  112,    0
195568,20140308,  103,    0
195568,20140309,  102,    0
195568,20140310,  105,    0
195568,20140311,   97,    0
195568,20140312,   95,    0
195568,20140313,  100,    0
195568,20140314,  101,    0
195568,20140315,  102,    0
195568,20140316,  111,    0
195568,20140317,  113,    0
195568,20140318,  117,    0
195568,20140319,  128,    0
195568,20140320,  129,    0
195568,20140321,  110,    0
195568,20140322,  138,    0
195568,20140323,  118,    0
195568,20140324,   75,    0
195568,20140325,   78,    0
195568,20140326,   98,    0
195568,20140327,  123,    0
195568,20140328,  127,    0
195568,20140329,  124,    0
195568,20140330,  124,    0
195568,20140331,  132,    0
195568,20140401,  130,    0
195568,20140402,  129,    0
195568,20140403,  131,    0
195568,20140404,  141,    0
195568,20140405,  137,    0
195568,20140406,  163,    0
195568,20140407,  167,    0
195568,20140408,  172,    0
195568,20140409,  151,    0
195568,20140410,  149,    0
195568,20140411,  143,    0
195568,20140412,  140,    0
195568,20140413,  137,    0
195568,20140414,  146,    0
195568,20140415,  146,    0
195568,20140416,  125,    0
195568,20140417,  121,    0
195568,20140418,  131,    0
195568,20140419,  151,    0
195568,20140420,  141,    0
195568,20140421,  152,    0
195568,20140422,  147,    0
195568,20140423,  158,    0
195568,20140424,  170,    0
195568,20140425,  174,    0
195568,20140426,  185,    0
195568,20140427,  157,    0
195568,20140428,  139,    0
195568,20140429,  158,    0
195568,20140430,  147,    0
195568,20140501,  161,    0
195568,20140502,  130,    0
195568,20140503,  152,    0
195568,20140504,  155,    0
195568,20140505,  140,    0
195568,20140506,  154,    0
195568,20140507,  156,    0
195568,20140508,  170,    0
195568,20140509,  176,    0
195568,20140510,  196,    0
195568,20140511,  194,    0
195568,20140512,  165,    0
195568,20140513,  146,    0
195568,20140514,  155,    0
195568,20140515,  154,    0
195568,20140516,  162,    0
195568,20140517,  169,    0
195568,20140518,  174,    0
195568,20140519,  170,    0
195568,20140520,  187,    0
195568,20140521,  200,    0
195568,20140522,  212,    0
195568,20140523,  215,    0
195568,20140524,  201,    0
195568,20140525,  202,    0
195568,20140526,  192,    0
195568,20140527,  180,    0
195568,20140528,  184,    0
195568,20140529,  180,    0
195568,20140530,  184,    0
195568,20140531,  180,    0
195568,20140601,  180,    0
195568,20140602,  195,    0
195568,20140603,  193,    0
195568,20140604,  192,    0
195568,20140605,  209,    0
195568,20140606,  218,    0
195568,20140607,  237,    0
195568,20140608,  251,    0
195568,20140609,  257,    0
195568,20140610,  261,    0
195568,20140611,  273,    0
195568,20140612,  273,    0
195568,20140613,  264,    0
195568,20140614,  226,    0
195568,20140615,  209,    0
195568,20140616,  209,    0
195568,20140617,  206,    0
195568,20140618,  206,    0
195568,20140619,  206,    0
195568,20140620,  222,    0
195568,20140621,  223,    0
195568,20140622,  235,    0
195568,20140623,  248,    0
195568,20140624,  241,    0
195568,20140625,  209,    0
195568,20140626,  211,    0
195568,20140627,  221,    0
195568,20140628,  234,    0
195568,20140629,  232,    0
195568,20140630,  208,    0
195568,20140701,  216,    0
195568,20140702,  220,    0
195568,20140703,  219,    0
195568,20140704,  214,    0
195568,20140705,  234,    0
195568,20140706,  248,    0
195568,20140707,  248,    0
195568,20140708,  222,    0
195568,20140709,  189,    0
195568,20140710,  179,    0
195568,20140711,  212,    0
195568,20140712,  214,    0
195568,20140713,  212,    0
195568,20140714,  203,    0
195568,20140715,  232,    0
195568,20140716,  254,    0
195568,20140717,  258,    0
195568,20140718,  254,    0
195568,20140719,  258,    0
195568,20140720,  270,    0
195568,20140721,  228,    0
195568,20140722,  222,    0
195568,20140723,  251,    0
195568,20140724,  209,    0
195568,20140725,  224,    0
195568,20140726,  206,    0
195568,20140727,  216,    0
195568,20140728,  236,    0
195568,20140729,  223,    0
195568,20140730,  205,    0
195568,20140731,  222,    0
195568,20140801,  242,    0
195568,20140802,  246,    0
195568,20140803,  222,    0
195568,20140804,  227,    0
195568,20140805,  230,    0
195568,20140806,  235,    0
195568,20140807,  238,    0
195568,20140808,  241,    0
195568,20140809,  245,    0
195568,20140810,  256,    0
195568,20140811,  252,    0
195568,20140812,  245,    0
195568,20140813,  242,    0
195568,20140814,  232,    0
195568,20140815,  205,    0
195568,20140816,  180,    0
195568,20140817,  187,    0
195568,20140818,  211,    0
195568,20140819,  198,    0
195568,20140820,  214,    0
195568,20140821,  213,    0
195568,20140822,  216,    0
195568,20140823,  193,    0
195568,20140824,  195,    0
195568,20140825,  204,    0
195568,20140826,  207,    0
195568,20140827,  219,    0
195568,20140828,  219,    0
195568,20140829,  211,    0
195568,20140830,  223,    0
195568,20140831,  226,    0
195568,20140901,  174,    0
195568,20140902,  180,    0
195568,20140903,  187,    0
195568,20140904,  199,    0
195568,20140905,  217,    0
195568,20140906,  216,    0
195568,20140907,  212,    0
195568,20140908,  212,    0
195568,20140909,  221,    0
195568,20140910,  203,    0
195568,20140911,  184,    0
195568,20140912,  169,    0
195568,20140913,  168,    0
195568,20140914,  187,    0
195568,20140915,  191,    0
195568,20140916,  194,    0
195568,20140917,  188,    0
195568,20140918,  184,    0
195568,20140919,  198,    0
195568,20140920,  210,    0
195568,20140921,  207,    0
195568,20140922,  199,    0
195568,20140923,  162,    0
195568,20140924,  159,    0
195568,20140925,  175,    0
195568,20140926,  164,    0
195568,20140927,  177,    0
195568,20140928,  184,    0
195568,20140929,  172,    0
195568,20140930,  178,    0
195568,20141001,  178,    0
195568,20141002,  181,    0
195568,20141003,  174,    0
195568,20141004,  163,    0
195568,20141005,  159,    0
195568,20141006,  148,    0
195568,20141007,  153,    0
195568,20141008,  197,    0
195568,20141009,  180,    0
195568,20141010,  203,    0
195568,20141011,  203,    0
195568,20141012,-9999,    9
195568,20141013,-9999,    9
195568,20141014,-9999,    9
195568,20141015,-9999,    9
195568,20141016,-9999,    9
195568,20141017,-9999,    9
195568,20141018,-9999,    9
195568,20141019,-9999,    9
195568,20141020,-9999,    9
195568,20141021,-9999,    9
195568,20141022,-9999,    9
195568,20141023,-9999,    9
195568,20141024,-9999,    9
195568,20141025,-9999,    9
195568,20141026,-9999,    9
195568,20141027,-9999,    9
195568,20141028,-9999,    9
195568,20141029,-9999,    9
195568,20141030,-9999,    9
195568,20141031,-9999,    9
195568,20141101,-9999,    9
195568,20141102,-9999,    9
195568,20141103,-9999,    9
195568,20141104,-9999,    9
195568,20141105,-9999,    9
195568,20141106,-9999,    9
195568,20141107,-9999,    9
195568,20141108,-9999,    9
195568,20141109,-9999,    9
195568,20141110,-9999,    9
195568,20141111,-9999,    9
195568,20141112,-9999,    9
195568,20141113,-9999,    9
195568,20141114,-9999,    9
195568,20141115,-9999,    9
195568,20141116,-9999,    9
195568,20141117,-9999,    9
195568,20141118,-9999,    9
195568,20141119,-9999,    9
195568,20141120,-9999,    9
195568,20141121,-9999,    9
195568,20141122,-9999,    9
195568,20141123,-9999,    9
195568,20141124,-9999,    9
195568,20141125,-9999,    9
195568,20141126,-9999,    9
195568,20141127,-9999,    9
195568,20141128,-9999,    9
195568,20141129,-9999,    9
195568,20141130,-9999,    9
195568,20141201,-9999,    9
195568,20141202,-9999,    9
195568,20141203,-9999,    9
195568,20141204,-9999,    9
195568,20141205,-9999,    9
195568,20141206,-9999,    9
195568,20141207,-9999,    9
195568,20141208,-9999,    9
195568,20141209,-9999,    9
195568,20141210,-9999,    9
195568,20141211,-9999,    9
195568,20141212,-9999,    9
195568,20141213,-9999,    9
195568,20141214,-9999,    9
195568,20141215,-9999,    9
195568,20141216,-9999,    9
195568,20141217,-9999,    9
195568,20141218,-9999,    9
195568,20141219,-9999,    9
195568,20141220,-9999,    9
195568,20141221,-9999,    9
195568,20141222,-9999,    9
195568,20141223,-9999,    9
195568,20141224,-9999,    9
195568,20141225,-9999,    9
195568,20141226,-9999,    9
195568,20141227,-9999,    9
195568,20141228,-9999,    9
195568,20141229,-9999,    9
195568,20141230,-9999,    9
195568,20141231,  -19,    0
195568,20150101,    0,    0
195568,20150102,   16,    0
195568,20150103,   26,    0
195568,20150104,   35,    0
195568,20150105,   33,    0
195568,20150106,   18,    0
195568,20150107,   30,    0
195568,20150108,   54,    0
195568,20150109,   31,    0
195568,20150110,   18,    0
195568,20150111,   16,    0
195568,20150112,   43,    0
195568,20150113,   32,    0
195568,20150114,   36,    0
195568,20150115,   43,    0
195568,20150116,   77,    0
195568,20150117,  104,    0
195568,20150118,   50,    0
195568,20150119,   30,    0
195568,20150120,   42,    0
195568,20150121,   56,    0
195568,20150122,   76,    0
195568,20150123,   73,    0
195568,20150124,   71,    0
195568,20150125,   70,    0
195568,20150126,   47,    0
195568,20150127,   11,    0
195568,20150128,   12,    0
195568,20150129,   12,    0
195568,20150130,   32,    0
195568,20150131,   30,    0
195568,20150201,   40,    0
195568,20150202,   18,    0
195568,20150203,   42,    0
195568,20150204,   61,    0
195568,20150205,   50,    0
195568,20150206,   55,    0
195568,20150207,   44,    0
195568,20150208,   16,    0
195568,20150209,   26,    0
195568,20150210,   29,    0
195568,20150211,   40,    0
195568,20150212,   45,    0
195568,20150213,   71,    0
195568,20150214,   75,    0
195568,20150215,   79,    0
195568,20150216,   96,    0
195568,20150217,   78,    0
195568,20150218,   51,    0
195568,20150219,   37,    0
195568,20150220,   38,    0
195568,20150221,   70,    0
195568,20150222,   83,    0
195568,20150223,   93,    0
195568,20150224,   88,    0
195568,20150225,   88,    0
195568,20150226,   92,    0
195568,20150227,   81,    0
195568,20150228,   78,    0
195568,20150301,   71,    0
195568,20150302,   89,    0
195568,20150303,   79,    0
195568,20150304,   90,    0
195568,20150305,   90,    0
195568,20150306,   74,    0
195568,20150307,   74,    0
195568,20150308,   80,    0
195568,20150309,   62,    0
195568,20150310,   73,    0
195568,20150311,   88,    0
195568,20150312,   89,    0
195568,20150313,   65,    0
195568,20150314,   74,    0
195568,20150315,   93,    0
195568,20150316,   88,    0
195568,20150317,  109,    0
195568,20150318,   96,    0
195568,20150319,   93,    0
195568,20150320,   97,    0
195568,20150321,  104,    0
195568,20150322,  107,    0
195568,20150323,  108,    0
195568,20150324,  112,    0
195568,20150325,  118,    0
195568,20150326,  123,    0
195568,20150327,  112,    0
195568,20150328,  109,    0
195568,20150329,  110,    0
195568,20150330,  134,    0
195568,20150331,  143,    0
195568,20150401,  135,    0
195568,20150402,  114,    0
195568,20150403,  110,    0
195568,20150404,   92,    0
195568,20150405,   97,    0
195568,20150406,   91,    0
195568,20150407,   89,    0
195568,20150408,  101,    0
195568,20150409,  110,    0
195568,20150410,  120,    0
195568,20150411,  129,    0
195568,20150412,  142,    0
195568,20150413,  158,    0
195568,20150414,  150,    0
195568,20150415,  156,    0
195568,20150416,  162,    0
195568,20150417,  156,    0
195568,20150418,  128,    0
195568,20150419,  104,    0
195568,20150420,  121,    0
195568,20150421,  153,    0
195568,20150422,  162,    0
195568,20150423,  157,    0
195568,20150424,  149,    0
195568,20150425,  150,    0
195568,20150426,  161,    0
195568,20150427,  152,    0
195568,20150428,  153,    0
195568,20150429,  150,    0
195568,20150430,  155,    0
195568,20150501,  151,    0
195568,20150502,  176,    0
195568,20150503,  178,    0
195568,20150504,  182,    0
195568,20150505,  184,    0
195568,20150506,  187,    0
195568,20150507,  196,    0
195568,20150508,  207,    0
195568,20150509,  209,    0
195568,20150510,  209,    0
195568,20150511,  203,    0
195568,20150512,  202,    0
195568,20150513,  209,    0
195568,20150514,  210,    0
195568,20150515,  186,    0
195568,20150516,  198,    0
195568,20150517,  209,    0
195568,20150518,  207,    0
195568,20150519,  222,    0
195568,20150520,  200,    0
195568,20150521,  152,    0
195568,20150522,  138,    0
195568,20150523,  142,    0
195568,20150524,  172,    0
195568,20150525,  186,    0
195568,20150526,  172,    0
195568,20150527,  169,    0
195568,20150528,  161,    0
195568,20150529,  177,    0
195568,20150530,  195,    0
195568,20150531,  201,    0
195568,20150601,  208,    0
195568,20150602,  223,    0
195568,20150603,  243,    0
195568,20150604,  258,    0
195568,20150605,  259,    0
195568,20150606,  258,    0
195568,20150607,  254,    0
195568,20150608,  254,    0
195568,20150609,  241,    0
195568,20150610,  237,    0
195568,20150611,  234,    0
195568,20150612,  248,    0
195568,20150613,  257,    0
195568,20150614,  225,    0
195568,20150615,  218,    0
195568,20150616,  210,    0
195568,20150617,  199,    0
195568,20150618,  206,    0
195568,20150619,  203,    0
195568,20150620,  190,    0
195568,20150621,  191,    0
195568,20150622,  205,    0
195568,20150623,  225,    0
195568,20150624,  191,    0
195568,20150625,  201,    0
195568,20150626,  219,    0
195568,20150627,  227,    0
195568,20150628,  229,    0
195568,20150629,  235,    0
195568,20150630,  242,    0
195568,20150701,  242,    0
195568,20150702,  252,    0
195568,20150703,  263,    0
195568,20150704,  270,    0
195568,20150705,  277,    0
195568,20150706,  280,    0
195568,20150707,  288,    0
195568,20150708,  285,    0
195568,20150709,  252,    0
195568,20150710,  236,    0
195568,20150711,  239,    0
195568,20150712,  257,    0
195568,20150713,  264,    0
195568,20150714,  265,    0
195568,20150715,  272,    0
195568,20150716,  287,    0
195568,20150717,  295,    0
195568,20150718,  291,    0
195568,20150719,  293,    0
195568,20150720,  280,    0
195568,20150721,  293,    0
195568,20150722,  292,    0
195568,20150723,  288,    0
195568,20150724,  286,    0
195568,20150725,  265,    0
195568,20150726,  249,    0
195568,20150727,  259,    0
195568,20150728,  257,    0
195568,20150729,  253,    0
195568,20150730,  240,    0
195568,20150731,  224,    0
195568,20150801,  222,    0
195568,20150802,  224,    0
195568,20150803,  250,    0
195568,20150804,  264,    0
195568,20150805,  274,    0
195568,20150806,  279,    0
195568,20150807,  281,    0
195568,20150808,  282,    0
195568,20150809,  273,    0
195568,20150810,  246,    0
195568,20150811,  253,    0
195568,20150812,  269,    0
195568,20150813,  268,    0
195568,20150814,  275,    0
195568,20150815,  245,    0
195568,20150816,  210,    0
195568,20150817,  233,    0
195568,20150818,  226,    0
195568,20150819,  204,    0
195568,20150820,  216,    0
195568,20150821,  214,    0
195568,20150822,  201,    0
195568,20150823,  212,    0
195568,20150824,  244,    0
195568,20150825,  253,    0
195568,20150826,  234,    0
195568,20150827,  239,    0
195568,20150828,  251,    0
195568,20150829,  242,    0
195568,20150830,  256,    0
195568,20150831,  265,    0
195568,20150901,  253,    0
195568,20150902,  236,    0
195568,20150903,  236,    0
195568,20150904,  227,    0
195568,20150905,  201,    0
195568,20150906,  182,    0
195568,20150907,  179,    0
195568,20150908,  180,    0
195568,20150909,  175,    0
195568,20150910,  176,    0
195568,20150911,  189,    0
195568,20150912,  202,    0
195568,20150913,  202,    0
195568,20150914,  251,    0
195568,20150915,  222,    0
195568,20150916,  239,    0
195568,20150917,  258,    0
195568,20150918,  240,    0
195568,20150919,  216,    0
195568,20150920,  201,    0
195568,20150921,  191,    0
195568,20150922,  191,    0
195568,20150923,  183,    0
195568,20150924,  141,    0
195568,20150925,  171,    0
195568,20150926,  196,    0
195568,20150927,  163,    0
195568,20150928,  199,    0
195568,20150929,  183,    0
195568,20150930,  189,    0
195568,20151001,  147,    0
195568,20151002,  167,    0
195568,20151003,  169,    0
195568,20151004,  185,    0
195568,20151005,  187,    0
195568,20151006,  171,    0
195568,20151007,  184,    0
195568,20151008,  181,    0
195568,20151009,  177,    0
195568,20151010,  157,    0
195568,20151011,  168,    0
195568,20151012,  159,    0
195568,20151013,  154,    0
195568,20151014,  161,    0
195568,20151015,  153,    0
195568,20151016,  125,    0
195568,20151017,  122,    0
195568,20151018,  129,    0
195568,20151019,  133,    0
195568,20151020,  116,    0
195568,20151021,  108,    0
195568,20151022,  110,    0
195568,20151023,  117,    0
195568,20151024,  122,    0
195568,20151025,  118,    0
195568,20151026,  104,    0
195568,20151027,  113,    0
195568,20151028,  129,    0
195568,20151029,  131,    0
195568,20151030,-9999,    9
195568,20151031,-9999,    9
195568,20151101,-9999,    9
195568,20151102,-9999,    9
195568,20151103,-9999,    9
195568,20151104,-9999,    9
195568,20151105,-9999,    9
195568,20151106,-9999,    9
195568,20151107,-9999,    9
195568,20151108,-9999,    9
195568,20151109,-9999,    9
195568,20151110,-9999,    9
195568,20151111,-9999,    9
195568,20151112,-9999,    9
195568,20151113,-9999,    9
195568,20151114,-9999,    9
195568,20151115,-9999,    9
195568,20151116,-9999,    9
195568,20151117,-9999,    9
195568,20151118,-9999,    9
195568,20151119,-9999,    9
195568,20151120,  110,    0
195568,20151121,   90,    0
195568,20151122,   69,    0
195568,20151123,   55,    0
195568,20151124,   58,    0
195568,20151125,   36,    0
195568,20151126,   43,    0
195568,20151127,   65,    0
195568,20151128,   42,    0
195568,20151129,   24,    0
195568,20151130,   24,    0
195568,20151201,   38,    0
195568,20151202,   39,    0
195568,20151203,   28,    0
195568,20151204,-9999,    9
195568,20151205,-9999,    9
195568,20151206,-9999,    9
195568,20151207,-9999,    9
195568,20151208,-9999,    9
195568,20151209,-9999,    9
195568,20151210,-9999,    9
195568,20151211,   21,    0
195568,20151212,   12,    0
195568,20151213,   19,    0
195568,20151214,   54,    0
195568,20151215,   37,    0
195568,20151216,   30,    0
195568,20151217,   23,    0
195568,20151218,   35,    0
195568,20151219,   27,    0
195568,20151220,   34,    0
195568,20151221,   55,    0
195568,20151222,   62,    0
195568,20151223,   62,    0
195568,20151224,   70,    0
195568,20151225,   59,    0
195568,20151226,   52,    0
195568,20151227,   43,    0
195568,20151228,   22,    0
195568,20151229,   20,    0
195568,20151230,   29,    0
195568,20151231,   28,    0
195568,20160101,   12,    0
195568,20160102,    8,    0
195568,20160103,   31,    0
195568,20160104,   16,    0
195568,20160105,   22,    0
195568,20160106,   29,    0
195568,20160107,   26,    0
195568,20160108,   44,    0
195568,20160109,   56,    0
195568,20160110,   60,    0
195568,20160111,  103,    0
195568,20160112,   73,    0
195568,20160113,   52,    0
195568,20160114,   25,    0
195568,20160115,   35,    0
195568,20160116,   34,    0
195568,20160117,   21,    0
195568,20160118,    9,    0
195568,20160119,    0,    0
195568,20160120,   -1,    0
195568,20160121,    1,    0
195568,20160122,   14,    0
195568,20160123,   10,    0
195568,20160124,    4,    0
195568,20160125,   16,    0
195568,20160126,   30,    0
195568,20160127,   51,    0
195568,20160128,   78,    0
195568,20160129,   73,    0
195568,20160130,   79,    0
195568,20160131,   56,    0
195568,20160201,   66,    0
195568,20160202,   73,    0
195568,20160203,   76,    0
195568,20160204,   62,    0
195568,20160205,   45,    0
195568,20160206,   57,    0
195568,20160207,   88,    0
195568,20160208,   75,    0
195568,20160209,   87,    0
195568,20160210,   79,    0
195568,20160211,   41,    0
195568,20160212,   63,    0
195568,20160213,   59,    0
195568,20160214,   59,    0
195568,20160215,   72,    0
195568,20160216,   83,    0
195568,20160217,   73,    0
195568,20160218,   80,    0
195568,20160219,   83,    0
195568,20160220,   75,    0
195568,20160221,   73,    0
195568,20160222,   79,    0
195568,20160223,   99,    0
195568,20160224,   85,    0
195568,20160225,   77,    0
195568,20160226,   71,    0
195568,20160227,   73,    0
195568,20160228,  118,    0
195568,20160229,  107,    0
195568,20160301,   91,    0
195568,20160302,   88,    0
195568,20160303,   51,    0
195568,20160304,   74,    0
195568,20160305,   89,    0
195568,20160306,   49,    0
195568,20160307,   59,    0
195568,20160308,   60,    0
195568,20160309,   72,    0
195568,20160310,   91,    0
195568,20160311,  100,    0
195568,20160312,  111,    0
195568,20160313,  108,    0
195568,20160314,   93,    0
195568,20160315,   71,    0
195568,20160316,   85,    0
195568,20160317,   90,    0
195568,20160318,   88,    0
195568,20160319,  100,    0
195568,20160320,  100,    0
195568,20160321,  121,    0
195568,20160322,  119,    0
195568,20160323,  104,    0
195568,20160324,   88,    0
195568,20160325,  101,    0
195568,20160326,   99,    0
195568,20160327,  106,    0
195568,20160328,  127,    0
195568,20160329,  128,    0
195568,20160330,  132,    0
195568,20160331,  133,    0
195568,20160401,  149,    0
195568,20160402,  141,    0
195568,20160403,  119,    0
195568,20160404,  140,    0
195568,20160405,  148,    0
195568,20160406,  124,    0
195568,20160407,  132,    0
195568,20160408,  135,    0
195568,20160409,  133,    0
195568,20160410,  137,    0
195568,20160411,  147,    0
195568,20160412,  149,    0
195568,20160413,  153,    0
195568,20160414,  149,    0
195568,20160415,  149,    0
195568,20160416,  165,    0
195568,20160417,  167,    0
195568,20160418,  171,    0
195568,20160419,  133,    0
195568,20160420,  134,    0
195568,20160421,  138,    0
195568,20160422,  154,    0
195568,20160423,  142,    0
195568,20160424,  114,    0
195568,20160425,   94,    0
195568,20160426,  106,    0
195568,20160427,  142,    0
195568,20160428,  120,    0
195568,20160429,  126,    0
195568,20160430,  134,    0
195568,20160501,  125,    0
195568,20160502,  145,    0
195568,20160503,  167,    0
195568,20160504,  167,    0
195568,20160505,  160,    0
195568,20160506,  162,    0
195568,20160507,  163,    0
195568,20160508,  171,    0
195568,20160509,  177,    0
195568,20160510,  183,    0
195568,20160511,  164,    0
195568,20160512,  167,    0
195568,20160513,  148,    0
195568,20160514,  168,    0
195568,20160515,  156,    0
195568,20160516,  142,    0
195568,20160517,  150,    0
195568,20160518,  160,    0
195568,20160519,  142,    0
195568,20160520,  176,    0
195568,20160521,  192,    0
195568,20160522,  198,    0
195568,20160523,  175,    0
195568,20160524,  156,    0
195568,20160525,  183,    0
195568,20160526,  196,    0
195568,20160527,  207,    0
195568,20160528,  214,    0
195568,20160529,  187,    0
195568,20160530,  199,    0
195568,20160531,  188,    0
195568,20160601,  183,    0
195568,20160602,  185,    0
195568,20160603,  194,    0
195568,20160604,  189,    0
195568,20160605,  204,    0
195568,20160606,  207,    0
195568,20160607,  218,    0
195568,20160608,  212,    0
195568,20160609,  178,    0
195568,20160610,  198,    0
195568,20160611,  213,    0
195568,20160612,  197,    0
195568,20160613,  208,    0
195568,20160614,  199,    0
195568,20160615,  205,    0
195568,20160616,  219,    0
195568,20160617,  218,    0
195568,20160618,  200,    0
195568,20160619,  187,    0
195568,20160620,  200,    0
195568,20160621,  216,    0
195568,20160622,  234,    0
195568,20160623,  260,    0
195568,20160624,  278,    0
195568,20160625,  273,    0
195568,20160626,  255,    0
195568,20160627,  224,    0
195568,20160628,  230,    0
195568,20160629,  235,    0
195568,20160630,  252,    0
195568,20160701,  258,    0
195568,20160702,  257,    0
195568,20160703,  242,    0
195568,20160704,  239,    0
195568,20160705,  242,    0
195568,20160706,  239,    0
195568,20160707,  253,    0
195568,20160708,  256,    0
195568,20160709,  259,    0
195568,20160710,  272,    0
195568,20160711,  275,    0
195568,20160712,  276,    0
195568,20160713,  273,    0
195568,20160714,  213,    0
195568,20160715,  202,    0
195568,20160716,  191,    0
195568,20160717,  225,    0
195568,20160718,  244,    0
195568,20160719,-9999,    9
195568,20160720,  268,    0
195568,20160721,  269,    0
195568,20160722,  243,    0
195568,20160723,  239,    0
195568,20160724,-9999,    9
195568,20160725,  194,    0
195568,20160726,-9999,    9
195568,20160727,-9999,    9
195568,20160728,-9999,    9
195568,20160729,-9999,    9
195568,20160730,-9999,    9
195568,20160731,-9999,    9
195568,20160801,-9999,    9
195568,20160802,-9999,    9
195568,20160803,-9999,    9
195568,20160804,-9999,    9
195568,20160805,  276,    0
195568,20160806,-9999,    9
195568,20160807,-9999,    9
195568,20160808,  216,    0
195568,20160809,  213,    0
195568,20160810,-9999,    9
195568,20160811,  165,    0
195568,20160812,-9999,    9
195568,20160813,  209,    0
195568,20160814,-9999,    9
195568,20160815,-9999,    9
195568,20160816,-9999,    9
195568,20160817,-9999,    9
195568,20160818,-9999,    9
195568,20160819,-9999,    9
195568,20160820,-9999,    9
195568,20160821,-9999,    9
195568,20160822,-9999,    9
195568,20160823,  243,    0
195568,20160824,  227,    0
195568,20160825,  230,    0
195568,20160826,  225,    0
195568,20160827,  213,    0
195568,20160828,  241,    0
195568,20160829,  250,    0
195568,20160830,  247,    0
195568,20160831,  237,    0
195568,20160901,  246,    0
195568,20160902,  256,    0
195568,20160903,  249,    0
195568,20160904,  256,    0
195568,20160905,  231,    0
195568,20160906,  202,    0
195568,20160907,  223,    0
195568,20160908,  224,    0
195568,20160909,  236,    0
195568,20160910,  239,    0
195568,20160911,  239,    0
195568,20160912,  237,    0
195568,20160913,  236,    0
195568,20160914,  220,    0
195568,20160915,  228,    0
195568,20160916,  185,    0
195568,20160917,  200,    0
195568,20160918,  187,    0
195568,20160919,  200,    0
195568,20160920,  191,    0
195568,20160921,  174,    0
195568,20160922,  173,    0
195568,20160923,  163,    0
195568,20160924,  181,    0
195568,20160925,  178,    0
195568,20160926,  175,    0
195568,20160927,  171,    0
195568,20160928,  175,    0
195568,20160929,  181,    0
195568,20160930,  189,    0
195568,20161001,  191,    0
195568,20161002,  192,    0
195568,20161003,  174,    0
195568,20161004,  171,    0
195568,20161005,  144,    0
195568,20161006,  128,    0
195568,20161007,  147,    0
195568,20161008,  131,    0
195568,20161009,  132,    0
195568,20161010,  118,    0
195568,20161011,  103,    0
195568,20161012,  102,    0
195568,20161013,  113,    0
195568,20161014,  138,    0
195568,20161015,  161,    0
195568,20161016,  135,    0
195568,20161017,  146,    0
195568,20161018,  148,    0
195568,20161019,  139,    0
195568,20161020,  122,    0
195568,20161021,  116,    0
195568,20161022,  112,    0
195568,20161023,  132,    0
195568,20161024,  132,    0
195568,20161025,  140,    0
195568,20161026,  149,    0
195568,20161027,  150,    0
195568,20161028,  129,    0
195568,20161029,  112,    0
195568,20161030,   75,    0
195568,20161031,  109,    0
195568,20161101,   99,    0
195568,20161102,  115,    0
195568,20161103,  120,    0
195568,20161104,  104,    0
195568,20161105,  109,    0
195568,20161106,  126,    0
195568,20161107,  103,    0
195568,20161108,   81,    0
195568,20161109,   78,    0
195568,20161110,   75,    0
195568,20161111,   74,    0
195568,20161112,   78,    0
195568,20161113,   54,    0
195568,20161114,   75,    0
195568,20161115,   43,    0
195568,20161116,   45,    0
195568,20161117,   75,    0
195568,20161118,   92,    0
195568,20161119,  103,    0
195568,20161120,   92,    0
195568,20161121,  116,    0
195568,20161122,  143,    0
195568,20161123,  146,    0
195568,20161124,  148,    0
195568,20161125,  151,    0
195568,20161126,  125,    0
195568,20161127,   91,    0
195568,20161128,   89,    0
195568,20161129,   38,    0
195568,20161130,   18,    0
195568,20161201,   19,    0
195568,20161202,   30,    0
195568,20161203,   75,    0
195568,20161204,   70,    0
195568,20161205,   74,    0
195568,20161206,   48,    0
195568,20161207,   30,    0
195568,20161208,   15,    0
195568,20161209,   11,    0
195568,20161210,    7,    0
195568,20161211,   12,    0
195568,20161212,   37,    0
195568,20161213,   29,    0
195568,20161214,   30,    0
195568,20161215,   29,    0
195568,20161216,   37,    0
195568,20161217,    8,    0
195568,20161218,   -9,    0
195568,20161219,   35,    0
195568,20161220,   84,    0
195568,20161221,   72,    0
195568,20161222,   38,    0
195568,20161223,   16,    0
195568,20161224,   23,    0
195568,20161225,   31,    0
195568,20161226,   37,    0
195568,20161227,   19,    0
195568,20161228,   31,    0
195568,20161229,   47,    0
195568,20161230,   11,    0
195568,20161231,   -8,    0
195568,20170101,    3,    0
195568,20170102,   21,    0
195568,20170103,   39,    0
195568,20170104,    7,    0
195568,20170105,   14,    0
195568,20170106,  -10,    0
195568,20170107,  -25,    0
195568,20170108,  -11,    0
195568,20170109,  -27,    0
195568,20170110,   -1,    0
195568,20170111,-9999,    9
195568,20170112,-9999,    9
195568,20170113,-9999,    9
195568,20170114,-9999,    9
195568,20170115,-9999,    9
195568,20170116,-9999,    9
195568,20170117,-9999,    9
195568,20170118,   48,    0
195568,20170119,   36,    0
195568,20170120,   11,    0
195568,20170121,    3,    0
195568,20170122,   18,    0
195568,20170123,   38,    0
195568,20170124,   49,    0
195568,20170125,   18,    0
195568,20170126,   10,    0
195568,20170127,   -2,    0
195568,20170128,   20,    0
195568,20170129,   10,    0
195568,20170130,   12,    0
195568,20170131,   43,    0
195568,20170201,   50,    0
195568,20170202,   61,    0
195568,20170203,   80,    0
195568,20170204,   69,    0
195568,20170205,   58,    0
195568,20170206,   86,    0
195568,20170207,   77,    0
195568,20170208,   54,    0
195568,20170209,   48,    0
195568,20170210,   60,    0
195568,20170211,   66,    0
195568,20170212,   77,    0
195568,20170213,   68,    0
195568,20170214,   52,    0
195568,20170215,   62,    0
195568,20170216,   63,    0
195568,20170217,   49,    0
195568,20170218,   68,    0
195568,20170219,   33,    0
195568,20170220,   38,    0
195568,20170221,   39,    0
195568,20170222,   64,    0
195568,20170223,   67,    0
195568,20170224,   72,    0
195568,20170225,   73,    0
195568,20170226,   57,    0
195568,20170227,   66,    0
195568,20170228,  109,    0
195568,20170301,   89,    0
195568,20170302,   96,    0
195568,20170303,   94,    0
195568,20170304,   99,    0
195568,20170305,  103,    0
195568,20170306,   93,    0
195568,20170307,  104,    0
195568,20170308,   87,    0
195568,20170309,   86,    0
195568,20170310,  109,    0
195568,20170311,   58,    0
195568,20170312,   83,    0
195568,20170313,   81,    0
195568,20170314,  100,    0
195568,20170315,  102,    0
195568,20170316,   93,    0
195568,20170317,  105,    0
195568,20170318,  101,    0
195568,20170319,  106,    0
195568,20170320,  113,    0
195568,20170321,  121,    0
195568,20170322,  134,    0
195568,20170323,  137,    0
195568,20170324,  133,    0
195568,20170325,  136,    0
195568,20170326,  129,    0
195568,20170327,  100,    0
195568,20170328,  112,    0
195568,20170329,  142,    0
195568,20170330,  149,    0
195568,20170331,  159,    0
195568,20170401,  142,    0
195568,20170402,  144,    0
195568,20170403,  158,    0
195568,20170404,  171,    0
195568,20170405,  141,    0
195568,20170406,  122,    0
195568,20170407,  138,    0
195568,20170408,  135,    0
195568,20170409,  148,    0
195568,20170410,  157,    0
195568,20170411,  188,    0
195568,20170412,  128,    0
195568,20170413,  163,    0
195568,20170414,  177,    0
195568,20170415,  149,    0
195568,20170416,  168,    0
195568,20170417,  124,    0
195568,20170418,   87,    0
195568,20170419,   76,    0
195568,20170420,   94,    0
195568,20170421,   91,    0
195568,20170422,   87,    0
195568,20170423,  152,    0
195568,20170424,  156,    0
195568,20170425,  162,    0
195568,20170426,  150,    0
195568,20170427,  168,    0
195568,20170428,  131,    0
195568,20170429,  116,    0
195568,20170430,  118,    0
195568,20170501,  120,    0
195568,20170502,  125,    0
195568,20170503,  135,    0
195568,20170504,  136,    0
195568,20170505,-9999,    9
195568,20170506,  172,    0
195568,20170507,-9999,    9
195568,20170508,-9999,    9
195568,20170509,-9999,    9
195568,20170510,-9999,    9
195568,20170511,  176,    0
195568,20170512,  183,    0
195568,20170513,  191,    0
195568,20170514,  196,    0
195568,20170515,  192,    0
195568,20170516,  202,    0
195568,20170517,  204,    0
195568,20170518,  207,    0
195568,20170519,  205,    0
195568,20170520,  146,    0
195568,20170521,-9999,    9
195568,20170522,-9999,    9
195568,20170523,-9999,    9
195568,20170524,-9999,    9
195568,20170525,  205,    0
195568,20170526,  193,    0
195568,20170527,  212,    0
195568,20170528,  221,    0
195568,20170529,  228,    0
195568,20170530,  182,    0
195568,20170531,-9999,    9
195568,20170601,  178,    0
195568,20170602,-9999,    9
195568,20170603,-9999,    9
195568,20170604,  190,    0
195568,20170605,  189,    0
195568,20170606,  182,    0
195568,20170607,  230,    0
195568,20170608,  192,    0
195568,20170609,  248,    0
195568,20170610,  258,    0
195568,20170611,  278,    0
195568,20170612,  276,    0
195568,20170613,  294,    0
195568,20170614,  288,    0
195568,20170615,  270,    0
195568,20170616,  289,    0
195568,20170617,  265,    0
195568,20170618,  252,    0
195568,20170619,  274,    0
195568,20170620,  274,    0
195568,20170621,  295,    0
195568,20170622,  305,    0
195568,20170623,  299,    0
195568,20170624,  306,    0
195568,20170625,  248,    0
195568,20170626,-9999,    9
195568,20170627,-9999,    9
195568,20170628,  241,    0
195568,20170629,  227,    0
195568,20170630,  214,    0
195568,20170701,  209,    0
195568,20170702,  222,    0
195568,20170703,  239,    0
195568,20170704,  240,    0
195568,20170705,  251,    0
195568,20170706,  258,    0
195568,20170707,  270,    0
195568,20170708,  272,    0
195568,20170709,  268,    0
195568,20170710,  272,    0
195568,20170711,  249,    0
195568,20170712,  250,    0
195568,20170713,  259,    0
195568,20170714,  229,    0
195568,20170715,  232,    0
195568,20170716,  227,    0
195568,20170717,  228,    0
195568,20170718,  240,    0
195568,20170719,  245,    0
195568,20170720,  255,    0
195568,20170721,  262,    0
195568,20170722,  266,    0
195568,20170723,  273,    0
195568,20170724,  237,    0
195568,20170725,  216,    0
195568,20170726,  218,    0
195568,20170727,  229,    0
195568,20170728,  241,    0
195568,20170729,  257,    0
195568,20170730,  255,    0
195568,20170731,  264,    0
195568,20170801,  275,    0
195568,20170802,  295,    0
195568,20170803,  293,    0
195568,20170804,  298,    0
195568,20170805,  291,    0
195568,20170806,  283,    0
195568,20170807,  246,    0
195568,20170808,  250,    0
195568,20170809,  277,    0
195568,20170810,  249,    0
195568,20170811,  231,    0
195568,20170812,  210,    0
195568,20170813,  226,    0
195568,20170814,  237,    0
195568,20170815,  247,    0
195568,20170816,  251,    0
195568,20170817,  262,    0
195568,20170818,  262,    0
195568,20170819,  254,    0
195568,20170820,  225,    0
195568,20170821,  216,    0
195568,20170822,  208,    0
195568,20170823,  215,    0
195568,20170824,  234,    0
195568,20170825,  253,    0
195568,20170826,  257,    0
195568,20170827,  271,    0
195568,20170828,  260,    0
195568,20170829,  236,    0
195568,20170830,  238,    0
195568,20170831,  255,    0
195568,20170901,  236,    0
195568,20170902,  193,    0
195568,20170903,  184,    0
195568,20170904,  194,    0
195568,20170905,  209,    0
195568,20170906,  218,    0
195568,20170907,  204,    0
195568,20170908,  196,    0
195568,20170909,  209,    0
195568,20170910,  187,    0
195568,20170911,  194,    0
195568,20170912,  173,    0
195568,20170913,  174,    0
195568,20170914,  203,    0
195568,20170915,  179,    0
195568,20170916,  168,    0
195568,20170917,  180,    0
195568,20170918,  152,    0
195568,20170919,  131,    0
195568,20170920,  159,    0
195568,20170921,  158,    0
195568,20170922,  159,    0
195568,20170923,  169,    0
195568,20170924,  154,    0
195568,20170925,  156,    0
195568,20170926,  165,    0
195568,20170927,  172,    0
195568,20170928,  170,    0
195568,20170929,  166,    0
195568,20170930,  161,    0
195568,20171001,  146,    0
195568,20171002,  159,    0
195568,20171003,  154,    0
195568,20171004,  177,    0
195568,20171005,  181,    0
195568,20171006,  157,    0
195568,20171007,  138,    0
195568,20171008,  143,    0
195568,20171009,  149,    0
195568,20171010,  150,    0
195568,20171011,  148,    0
195568,20171012,  152,    0
195568,20171013,  145,    0
195568,20171014,  141,    0
195568,20171015,  149,    0
195568,20171016,  153,    0
195568,20171017,  143,    0
195568,20171018,  150,    0
195568,20171019,  144,    0
195568,20171020,  145,    0
195568,20171021,  155,    0
195568,20171022,  157,    0
195568,20171023,  126,    0
195568,20171024,  116,    0
195568,20171025,  116,    0
195568,20171026,  119,    0
195568,20171027,  114,    0
195568,20171028,  111,    0
195568,20171029,  114,    0
195568,20171030,  127,    0
195568,20171031,  117,    0
195568,20171101,   97,    0
195568,20171102,  101,    0
195568,20171103,  114,    0
195568,20171104,  118,    0
195568,20171105,  135,    0
195568,20171106,  115,    0
195568,20171107,  107,    0
195568,20171108,  104,    0
195568,20171109,  103,    0
195568,20171110,  102,    0
195568,20171111,   74,    0
195568,20171112,   77,    0
195568,20171113,   67,    0
195568,20171114,   81,    0
195568,20171115,   76,    0
195568,20171116,   85,    0
195568,20171117,   77,    0
195568,20171118,   81,    0
195568,20171119,   50,    0
195568,20171120,   48,    0
195568,20171121,   54,    0
195568,20171122,   72,    0
195568,20171123,  100,    0
195568,20171124,   92,    0
195568,20171125,   98,    0
195568,20171126,   70,    0
195568,20171127,   34,    0
195568,20171128,   25,    0
195568,20171129,   48,    0
195568,20171130,   42,    0
195568,20171201,   32,    0
195568,20171202,   61,    0
195568,20171203,   34,    0
195568,20171204,   15,    0
195568,20171205,   12,    0
195568,20171206,   17,    0
195568,20171207,   31,    0
195568,20171208,   49,    0
195568,20171209,   39,    0
195568,20171210,   -2,    0
195568,20171211,   58,    0
195568,20171212,   84,    0
195568,20171213,   33,    0
195568,20171214,   43,    0
195568,20171215,   47,    0
195568,20171216,   48,    0
195568,20171217,   13,    0
195568,20171218,    1,    0
195568,20171219,    2,    0
195568,20171220,   13,    0
195568,20171221,    0,    0
195568,20171222,   10,    0
195568,20171223,   17,    0
195568,20171224,   17,    0
195568,20171225,    6,    0
195568,20171226,   52,    0
195568,20171227,   73,    0
195568,20171228,   47,    0
195568,20171229,   41,    0
195568,20171230,   14,    0
195568,20171231,   16,    0
195568,20180101,   36,    0
195568,20180102,   33,    0
195568,20180103,   19,    0
195568,20180104,   38,    0
195568,20180105,   54,    0
195568,20180106,   73,    0
195568,20180107,   95,    0
195568,20180108,  125,    0
195568,20180109,  116,    0
195568,20180110,   79,    0
195568,20180111,   72,    0
195568,20180112,   69,    0
195568,20180113,   66,    0
195568,20180114,   44,    0
195568,20180115,   46,    0
195568,20180116,   45,    0
195568,20180117,   55,    0
195568,20180118,   45,    0
195568,20180119,   33,    0
195568,20180120,   28,    0
195568,20180121,   46,    0
195568,20180122,   42,    0
195568,20180123,   45,    0
195568,20180124,   42,    0
195568,20180125,   37,    0
195568,20180126,   62,    0
195568,20180127,   70,    0
195568,20180128,   50,    0
195568,20180129,   26,    0
195568,20180130,   44,    0
195568,20180131,   59,    0
195568,20180201,   88,    0
195568,20180202,   68,    0
195568,20180203,   44,    0
195568,20180204,   42,    0
195568,20180205,   56,    0
195568,20180206,   60,    0
195568,20180207,   59,    0
195568,20180208,   53,    0
195568,20180209,   45,    0
195568,20180210,   43,    0
195568,20180211,   38,    0
195568,20180212,   32,    0
195568,20180213,   43,    0
195568,20180214,   23,    0
195568,20180215,   24,    0
195568,20180216,   38,    0
195568,20180217,   42,    0
195568,20180218,   52,    0
195568,20180219,   47,    0
195568,20180220,   20,    0
195568,20180221,-9999,    9
195568,20180222,-9999,    9
195568,20180223,-9999,    9
195568,20180224,-9999,    9
195568,20180225,-9999,    9
195568,20180226,-9999,    9
195568,20180227,-9999,    9
195568,20180228,-9999,    9
195568,20180301,-9999,    9
195568,20180302,-9999,    9
195568,20180303,-9999,    9
195568,20180304,-9999,    9
195568,20180305,-9999,    9
195568,20180306,-9999,    9
195568,20180307,-9999,    9
195568,20180308,-9999,    9
195568,20180309,-9999,    9
195568,20180310,-9999,    9
195568,20180311,-9999,    9
195568,20180312,-9999,    9
195568,20180313,-9999,    9
195568,20180314,-9999,    9
195568,20180315,-9999,    9
195568,20180316,-9999,    9
195568,20180317,-9999,    9
195568,20180318,-9999,    9
195568,20180319,-9999,    9
195568,20180320,-9999,    9
195568,20180321,-9999,    9
195568,20180322,-9999,    9
195568,20180323,-9999,    9
195568,20180324,-9999,    9
195568,20180325,-9999,    9
195568,20180326,-9999,    9
195568,20180327,-9999,    9
195568,20180328,-9999,    9
195568,20180329,-9999,    9
195568,20180330,-9999,    9
195568,20180331,-9999,    9
194984,20180401,-9999,    9
194984,20180402,-9999,    9
194984,20180403,-9999,    9
194984,20180404,-9999,    9
194984,20180405,-9999,    9
194984,20180406,-9999,    9
194984,20180407,  162,    0
194984,20180408,  175,    0
194984,20180409,  172,    0
194984,20180410,  187,    0
194984,20180411,  169,    0
194984,20180412,  177,    0
194984,20180413,  168,    0
194984,20180414,  175,    0
194984,20180415,  178,    0
194984,20180416,  191,    0
194984,20180417,  183,    0
194984,20180418,  192,    0
194984,20180419,  199,    0
194984,20180420,-9999,    9
194984,20180421,  207,    0
194984,20180422,  195,    0
194984,20180423,  202,    0
194984,20180424,  224,    0
194984,20180425,  238,    0
194984,20180426,-9999,    9
194984,20180427,  219,    0
194984,20180428,  224,    0
194984,20180429,  221,    0
194984,20180430,  220,    0
194984,20180501,  190,    0
194984,20180502,  192,    0
194984,20180503,  190,    0
194984,20180504,  208,    0
194984,20180505,  222,    0
194984,20180506,  238,    0
194984,20180507,  244,    0
194984,20180508,  235,    0
194984,20180509,  220,    0
194984,20180510,  223,    0
194984,20180511,  232,    0
194984,20180512,  243,    0
194984,20180513,  229,    0
194984,20180514,  201,    0
194984,20180515,  177,    0
194984,20180516,  196,    0
194984,20180517,  194,    0
194984,20180518,  211,    0
194984,20180519,  225,    0
194984,20180520,  233,    0
194984,20180521,  243,    0
194984,20180522,  219,    0
194984,20180523,  223,    0
194984,20180524,  258,    0
194984,20180525,  265,    0
194984,20180526,  265,    0
194984,20180527,  273,    0
194984,20180528,  275,    0
194984,20180529,  267,    0
194984,20180530,  255,    0
194984,20180531,  253,    0
194984,20180601,  249,    0
194984,20180602,  249,    0
194984,20180603,  260,    0
194984,20180604,  256,    0
194984,20180605,  267,    0
194984,20180606,  270,    0
194984,20180607,  268,    0
194984,20180608,  233,    0
194984,20180609,  273,    0
194984,20180610,  282,    0
194984,20180611,  286,    0
194984,20180612,  284,    0
194984,20180613,  261,    0
194984,20180614,  249,    0
194984,20180615,  253,    0
194984,20180616,  266,    0
194984,20180617,  281,    0
194984,20180618,  276,    0
194984,20180619,  285,    0
194984,20180620,  263,    0
194984,20180621,  262,    0
194984,20180622,  212,    0
194984,20180623,  207,    0
194984,20180624,  209,    0
194984,20180625,  189,    0
194984,20180626,  219,    0
194984,20180627,  216,    0
194984,20180628,  225,    0
194984,20180629,  260,    0
194984,20180630,  272,    0
194984,20180701,  241,    0
194984,20180702,  244,    0
194984,20180703,  253,    0
194984,20180704,  261,    0
194984,20180705,  260,    0
194984,20180706,  242,    0
194984,20180707,  260,    0
194984,20180708,  251,    0
194984,20180709,  252,    0
194984,20180710,  257,    0
194984,20180711,  216,    0
194984,20180712,  244,    0
194984,20180713,  250,    0
194984,20180714,  257,    0
194984,20180715,  258,    0
194984,20180716,  223,    0
194984,20180717,  251,    0
194984,20180718,  273,    0
194984,20180719,  277,    0
194984,20180720,  267,    0
194984,20180721,  237,    0
194984,20180722,  250,    0
194984,20180723,  252,    0
194984,20180724,  268,    0
194984,20180725,  278,    0
194984,20180726,  268,    0
194984,20180727,  266,    0
194984,20180728,  282,    0
194984,20180729,  271,    0
194984,20180730,  293,    0
194984,20180731,  298,    0
194984,20180801,  304,    0
194984,20180802,  274,    0
194984,20180803,  280,    0
194984,20180804,  283,    0
194984,20180805,  290,    0
194984,20180806,  282,    0
194984,20180807,  282,    0
194984,20180808,  283,    0
194984,20180809,  261,    0
194984,20180810,  267,    0
194984,20180811,  273,    0
194984,20180812,  255,    0
194984,20180813,  255,    0
194984,20180814,  229,    0
194984,20180815,  241,    0
194984,20180816,  251,    0
194984,20180817,  257,    0
194984,20180818,  263,    0
194984,20180819,  268,    0
194984,20180820,  272,    0
194984,20180821,  274,    0
194984,20180822,  272,    0
194984,20180823,  277,    0
194984,20180824,  266,    0
194984,20180825,  230,    0
194984,20180826,  176,    0
194984,20180827,  206,    0
194984,20180828,  229,    0
194984,20180829,  239,    0
194984,20180830,  242,    0
194984,20180831,  230,    0
194984,20180901,  200,    0
194984,20180902,  194,    0
194984,20180903,  210,    0
194984,20180904,  220,    0
194984,20180905,  228,    0
194984,20180906,  232,    0
194984,20180907,  211,    0
194984,20180908,  227,    0
194984,20180909,  232,    0
194984,20180910,  239,    0
194984,20180911,  243,    0
194984,20180912,  244,    0
194984,20180913,  238,    0
194984,20180914,  244,    0
194984,20180915,  225,    0
194984,20180916,  229,    0
194984,20180917,  231,    0
194984,20180918,  234,    0
194984,20180919,  230,    0
194984,20180920,  236,    0
194984,20180921,  240,    0
194984,20180922,  238,    0
194984,20180923,  226,    0
194984,20180924,  202,    0
194984,20180925,  171,    0
194984,20180926,  145,    0
194984,20180927,  159,    0
194984,20180928,  184,    0
194984,20180929,  186,    0
194984,20180930,  163,    0
194984,20181001,  148,    0
194984,20181002,  158,    0
194984,20181003,  153,    0
194984,20181004,  165,    0
194984,20181005,  164,    0
194984,20181006,  166,    0
194984,20181007,  177,    0
194984,20181008,  178,    0
194984,20181009,  184,    0
194984,20181010,  178,    0
194984,20181011,  181,    0
194984,20181012,  187,    0
194984,20181013,  175,    0
194984,20181014,  168,    0
194984,20181015,  170,    0
194984,20181016,  178,    0
194984,20181017,  170,    0
194984,20181018,  180,    0
194984,20181019,  174,    0
194984,20181020,  165,    0
194984,20181021,  127,    0
194984,20181022,  135,    0
194984,20181023,  140,    0
194984,20181024,  143,    0
194984,20181025,  155,    0
194984,20181026,  147,    0
194984,20181027,  194,    0
194984,20181028,  187,    0
194984,20181029,  181,    0
194984,20181030,  145,    0
194984,20181031,  142,    0
194984,20181101,  159,    0
194984,20181102,  145,    0
194984,20181103,  156,    0
194984,20181104,  155,    0
194984,20181105,  171,    0
194984,20181106,  164,    0
195088,20181107,  147,    0
195088,20181108,  141,    0
195088,20181109,  127,    0
195088,20181110,  129,    0
195088,20181111,  134,    0
195088,20181112,  133,    0
195088,20181113,  140,    0
195088,20181114,  130,    0
195088,20181115,  109,    0
195088,20181116,   95,    0
195088,20181117,   87,    0
195088,20181118,   53,    0
195088,20181119,   57,    0
195088,20181120,   58,    0
195088,20181121,   75,    0
195088,20181122,   76,    0
195088,20181123,   91,    0
195088,20181124,  113,    0
195088,20181125,   95,    0
195088,20181126,   91,    0
195088,20181127,   93,    0
195088,20181128,   72,    0
195088,20181129,   36,    0
195088,20181130,   30,    0
195088,20181201,   53,    0
195088,20181202,   56,    0
195088,20181203,   76,    0
195088,20181204,   59,    0
195088,20181205,   47,    0
195088,20181206,   78,    0
195088,20181207,   62,    0
195088,20181208,   72,    0
195088,20181209,   37,    0
195088,20181210,   54,    0
195088,20181211,   32,    0
195088,20181212,   13,    0
195088,20181213,   31,    0
195088,20181214,   27,    0
195088,20181215,    6,    0
195088,20181216,    0,    0
195088,20181217,   15,    0
195088,20181218,   -6,    0
195088,20181219,    0,    0
195088,20181220,   21,    0
195088,20181221,   18,    0
195088,20181222,   30,    0
195088,20181223,   41,    0
195088,20181224,   38,    0
195088,20181225,   35,    0
195088,20181226,   15,    0
195088,20181227,    4,    0
195088,20181228,    4,    0
195088,20181229,   -9,    0
195088,20181230,   -1,    0
195088,20181231,   14,    0
195088,20190101,   28,    0
195088,20190102,   16,    0
195088,20190103,    6,    0
195088,20190104,   -1,    0
195088,20190105,  -17,    0
195088,20190106,   -9,    0
195088,20190107,    8,    0
195088,20190108,   -8,    0
195088,20190109,   -5,    0
195088,20190110,    8,    0
195088,20190111,   10,    0
195088,20190112,    0,    0
195088,20190113,   12,    0
195088,20190114,   30,    0
195088,20190115,   26,    0
195088,20190116,   31,    0
195088,20190117,   74,    0
195088,20190118,   57,    0
195088,20190119,   41,    0
195088,20190120,   19,    0
195088,20190121,   29,    0
195088,20190122,   27,    0
195088,20190123,   18,    0
195088,20190124,   39,    0
195088,20190125,   13,    0
195088,20190126,    2,    0
195088,20190127,   22,    0
195088,20190128,   30,    0
195088,20190129,   36,    0
195088,20190130,   16,    0
195088,20190131,   32,    0
195088,20190201,   50,    0
195088,20190202,   44,    0
195088,20190203,   54,    0
195088,20190204,   55,    0
195088,20190205,   35,    0
195088,20190206,   38,    0
195088,20190207,   35,    0
195088,20190208,   45,    0
195088,20190209,   47,    0
195088,20190210,   93,    0
195088,20190211,   63,    0
195088,20190212,   49,    0
195088,20190213,   45,    0
195088,20190214,   37,    0
195088,20190215,   36,    0
195088,20190216,   49,    0
195088,20190217,   63,    0
195088,20190218,   62,    0
195088,20190219,   47,    0
195088,20190220,   60,    0
195088,20190221,   43,    0
195088,20190222,   67,    0
195088,20190223,   49,    0
195088,20190224,   38,    0
195088,20190225,   71,    0
195088,20190226,   94,    0
195088,20190227,   95,    0
195088,20190228,   81,    0
195088,20190301,   70,    0
195088,20190302,   73,    0
195088,20190303,   73,    0
195088,20190304,   80,    0
195088,20190305,   93,    0
195088,20190306,   87,    0
195088,20190307,  141,    0
195088,20190308,  133,    0
195088,20190309,  114,    0
195088,20190310,  109,    0
195088,20190311,   97,    0
195088,20190312,   70,    0
195088,20190313,   53,    0
195088,20190314,   63,    0
195088,20190315,   87,    0
195088,20190316,   99,    0
195088,20190317,  112,    0
195088,20190318,   88,    0
195088,20190319,   77,    0
195088,20190320,   85,    0
195088,20190321,   75,    0
195088,20190322,   91,    0
195088,20190323,  112,    0
195088,20190324,  129,    0
195088,20190325,  126,    0
195088,20190326,   86,    0
194984,20190327,   89,    0
195088,20190328,   83,    0
195088,20190329,   97,    0
195088,20190330,  106,    0
195088,20190331,  119,    0
195088,20190401,  131,    0
195088,20190402,  138,    0
194984,20190403,  142,    0
195088,20190404,  128,    0
195088,20190405,   93,    0
195088,20190406,  106,    0
195088,20190407,  113,    0
195088,20190408,  112,    0
195088,20190409,  119,    0
195088,20190410,  125,    0
195088,20190411,  124,    0
194984,20190412,  118,    0
195088,20190413,   97,    0
195088,20190414,   96,    0
195088,20190415,  121,    0
194984,20190416,  128,    0
195088,20190417,  134,    0
195088,20190418,  142,    0
195088,20190419,  142,    0
195088,20190420,  149,    0
195088,20190421,  147,    0
195088,20190422,  150,    0
195088,20190423,  149,    0
195088,20190424,  167,    0
195088,20190425,  148,    0
195088,20190426,  167,    0
194984,20190427,  161,    0
195088,20190428,  105,    0
195088,20190429,   96,    0
195088,20190430,  138,    0
195088,20190501,  161,    0
195088,20190502,  165,    0
195088,20190503,  149,    0
195088,20190504,  145,    0
195088,20190505,   95,    0
195088,20190506,  111,    0
195088,20190507,  125,    0
195088,20190508,  136,    0
195088,20190509,  148,    0
195088,20190510,  166,    0
195088,20190511,  170,    0
195088,20190512,  121,    0
195088,20190513,  133,    0
195088,20190514,  118,    0
194984,20190515,  103,    0
195088,20190516,  125,    0
195088,20190517,  144,    0
195088,20190518,  147,    0
195088,20190519,  151,    0
195088,20190520,  153,    0
195088,20190521,  165,    0
195088,20190522,  169,    0
195088,20190523,  184,    0
195088,20190524,  193,    0
195088,20190525,  193,    0
195088,20190526,  180,    0
195088,20190527,  159,    0
195088,20190528,  173,    0
195088,20190529,  142,    0
195088,20190530,  166,    0
195088,20190531,-9999,    9
195088,20190601,-9999,    9
195088,20190602,-9999,    9
195088,20190603,-9999,    9
195088,20190604,-9999,    9
195088,20190605,-9999,    9
195088,20190606,-9999,    9
195088,20190607,-9999,    9
195088,20190608,-9999,    9
195088,20190609,-9999,    9
195088,20190610,-9999,    9
195088,20190611,-9999,    9
195088,20190612,-9999,    9
195088,20190613,-9999,    9
195088,20190614,-9999,    9
195088,20190615,-9999,    9
195088,20190616,-9999,    9
195088,20190617,-9999,    9
195088,20190618,-9999,    9
195088,20190619,-9999,    9
195088,20190620,-9999,    9
195088,20190621,-9999,    9
195088,20190622,-9999,    9
195088,20190623,-9999,    9
195088,20190624,-9999,    9
195088,20190625,-9999,    9
195088,20190626,-9999,    9
195088,20190627,-9999,    9
195088,20190628,-9999,    9
195088,20190629,-9999,    9
195088,20190630,-9999,    9
195088,20190701,-9999,    9
195088,20190702,-9999,    9
195088,20190703,-9999,    9
195088,20190704,-9999,    9
195088,20190705,-9999,    9
195088,20190706,-9999,    9
195088,20190707,-9999,    9
195088,20190708,-9999,    9
195088,20190709,-9999,    9
195088,20190710,-9999,    9
195088,20190711,-9999,    9
195088,20190712,-9999,    9
195088,20190713,-9999,    9
195088,20190714,-9999,    9
195088,20190715,-9999,    9
195088,20190716,-9999,    9
195088,20190717,-9999,    9
195088,20190718,-9999,    9
195088,20190719,-9999,    9
195088,20190720,-9999,    9
195088,20190721,-9999,    9
195088,20190722,-9999,    9
195088,20190723,-9999,    9
195088,20190724,-9999,    9
195088,20190725,-9999,    9
195088,20190726,-9999,    9
195088,20190727,-9999,    9
195088,20190728,-9999,    9
195088,20190729,-9999,    9
195088,20190730,-9999,    9
195088,20190731,-9999,    9
195088,20190801,-9999,    9
195088,20190802,-9999,    9
195088,20190803,-9999,    9
195088,20190804,-9999,    9
195088,20190805,-9999,    9
195088,20190806,-9999,    9
195088,20190807,-9999,    9
195088,20190808,-9999,    9
195088,20190809,-9999,    9
195088,20190810,-9999,    9
195088,20190811,-9999,    9
195088,20190812,-9999,    9
195088,20190813,-9999,    9
195088,20190814,-9999,    9
195088,20190815,-9999,    9
195088,20190816,-9999,    9
195088,20190817,-9999,    9
195088,20190818,-9999,    9
195088,20190819,-9999,    9
195088,20190820,-9999,    9
195088,20190821,-9999,    9
195088,20190822,-9999,    9
195088,20190823,-9999,    9
195088,20190824,-9999,    9
195088,20190825,-9999,    9
195088,20190826,-9999,    9
195088,20190827,-9999,    9
195088,20190828,-9999,    9
195088,20190829,-9999,    9
195088,20190830,-9999,    9
195088,20190831,-9999,    9
195088,20190901,-9999,    9
195088,20190902,-9999,    9
195088,20190903,-9999,    9
195088,20190904,-9999,    9
195088,20190905,-9999,    9
195088,20190906,-9999,    9
195088,20190907,-9999,    9
195088,20190908,-9999,    9
195088,20190909,-9999,    9
195088,20190910,-9999,    9
195088,20190911,-9999,    9
195088,20190912,-9999,    9
195088,20190913,-9999,    9
195088,20190914,-9999,    9
195088,20190915,-9999,    9
195088,20190916,-9999,    9
195088,20190917,-9999,    9
195088,20190918,-9999,    9
195088,20190919,-9999,    9
195088,20190920,-9999,    9
195088,20190921,-9999,    9
195088,20190922,-9999,    9
195088,20190923,-9999,    9
195088,20190924,-9999,    9
195088,20190925,-9999,    9
195088,20190926,-9999,    9
195088,20190927,-9999,    9
195088,20190928,-9999,    9
195088,20190929,-9999,    9
195088,20190930,-9999,    9
195088,20191001,-9999,    9
195088,20191002,-9999,    9
195088,20191003,-9999,    9
195088,20191004,-9999,    9
195088,20191005,-9999,    9
195088,20191006,-9999,    9
195088,20191007,-9999,    9
195088,20191008,-9999,    9
195088,20191009,-9999,    9
195088,20191010,-9999,    9
195088,20191011,-9999,    9
195088,20191012,-9999,    9
195088,20191013,-9999,    9
195088,20191014,-9999,    9
195088,20191015,-9999,    9
195088,20191016,-9999,    9
195088,20191017,-9999,    9
195088,20191018,-9999,    9
195088,20191019,-9999,    9
195088,20191020,-9999,    9
195088,20191021,-9999,    9
195088,20191022,-9999,    9
195088,20191023,-9999,    9
195088,20191024,-9999,    9
195088,20191025,-9999,    9
195088,20191026,-9999,    9
195088,20191027,-9999,    9
195088,20191028,-9999,    9
195088,20191029,-9999,    9
195088,20191030,-9999,    9
195088,20191031,-9999,    9
195088,20191101,-9999,    9
195088,20191102,-9999,    9
195088,20191103,-9999,    9
195088,20191104,-9999,    9
195088,20191105,-9999,    9
195088,20191106,-9999,    9
195088,20191107,-9999,    9
195088,20191108,-9999,    9
195088,20191109,-9999,    9
195088,20191110,-9999,    9
195088,20191111,-9999,    9
195088,20191112,-9999,    9
195088,20191113,-9999,    9
195088,20191114,-9999,    9
195088,20191115,-9999,    9
195088,20191116,-9999,    9
195088,20191117,-9999,    9
195088,20191118,-9999,    9
195088,20191119,-9999,    9
195088,20191120,-9999,    9
195088,20191121,-9999,    9
195088,20191122,-9999,    9
195088,20191123,-9999,    9
195088,20191124,-9999,    9
195088,20191125,-9999,    9
195088,20191126,-9999,    9
195088,20191127,-9999,    9
195088,20191128,-9999,    9
195088,20191129,-9999,    9
195088,20191130,-9999,    9
195088,20191201,-9999,    9
195088,20191202,-9999,    9
195088,20191203,-9999,    9
195088,20191204,-9999,    9
195088,20191205,-9999,    9
195088,20191206,-9999,    9
195088,20191207,-9999,    9
195088,20191208,-9999,    9
195088,20191209,-9999,    9
195088,20191210,-9999,    9
195088,20191211,-9999,    9
195088,20191212,-9999,    9
195088,20191213,-9999,    9
195088,20191214,-9999,    9
195088,20191215,-9999,    9
195088,20191216,-9999,    9
195088,20191217,-9999,    9
195088,20191218,-9999,    9
195088,20191219,-9999,    9
195088,20191220,-9999,    9
195088,20191221,-9999,    9
195088,20191222,-9999,    9
195088,20191223,-9999,    9
195088,20191224,-9999,    9
195088,20191225,-9999,    9
195088,20191226,-9999,    9
195088,20191227,-9999,    9
195088,20191228,-9999,    9
195088,20191229,-9999,    9
195088,20191230,-9999,    9
195088,20191231,   18,    0
195088,20200101,   15,    0
195088,20200102,   20,    0
195088,20200103,   20,    0
195088,20200104,   34,    0
195088,20200105,   32,    0
195088,20200106,   25,    0
195088,20200107,   -1,    0
195088,20200108,    1,    0
195088,20200109,    2,    0
195088,20200110,   17,    0
195088,20200111,   24,    0
195088,20200112,   21,    0
195088,20200113,    3,    0
195088,20200114,   14,    0
195088,20200115,   48,    0
195088,20200116,   44,    0
195088,20200117,   50,    0
195088,20200118,   67,    0
195088,20200119,   65,    0
195616,20200120,   52,    0
195088,20200121,   27,    0
195088,20200122,   24,    0
195088,20200123,   22,    0
195088,20200124,   33,    0
195088,20200125,   56,    0
195088,20200126,   54,    0
195088,20200127,   52,    0
195088,20200128,   83,    0
195088,20200129,   55,    0
195088,20200130,   52,    0
195088,20200131,-9999,    9
195088,20200201,-9999,    9
195088,20200202,-9999,    9
195088,20200203,-9999,    9
195088,20200204,-9999,    9
195088,20200205,-9999,    9
195088,20200206,-9999,    9
195088,20200207,-9999,    9
195088,20200208,-9999,    9
195088,20200209,-9999,    9
195088,20200210,-9999,    9
195088,20200211,-9999,    9
195088,20200212,-9999,    9
195088,20200213,-9999,    9
195088,20200214,-9999,    9
195088,20200215,-9999,    9
195088,20200216,-9999,    9
195088,20200217,-9999,    9
195088,20200218,-9999,    9
195088,20200219,-9999,    9
195088,20200220,-9999,    9
195088,20200221,-9999,    9
195088,20200222,-9999,    9
195088,20200223,-9999,    9
195088,20200224,-9999,    9
195088,20200225,-9999,    9
195088,20200226,-9999,    9
195088,20200227,-9999,    9
195088,20200228,-9999,    9
195088,20200229,-9999,    9
195088,20200301,-9999,    9
195088,20200302,-9999,    9
195088,20200303,-9999,    9
195088,20200304,-9999,    9
195088,20200305,-9999,    9
195088,20200306,-9999,    9
195088,20200307,-9999,    9
195088,20200308,-9999,    9
195088,20200309,-9999,    9
195088,20200310,-9999,    9
195088,20200311,-9999,    9
195088,20200312,-9999,    9
195088,20200313,-9999,    9
195088,20200314,-9999,    9
195088,20200315,-9999,    9
195088,20200316,-9999,    9
195088,20200317,-9999,    9
195088,20200318,-9999,    9
195088,20200319,-9999,    9
195088,20200320,-9999,    9
195088,20200321,-9999,    9
195088,20200322,-9999,    9
195088,20200323,-9999,    9
195088,20200324,-9999,    9
195088,20200325,-9999,    9
195088,20200326,-9999,    9
195088,20200327,-9999,    9
195088,20200328,-9999,    9
195088,20200329,-9999,    9
195088,20200330,-9999,    9
195088,20200331,-9999,    9
195088,20200401,-9999,    9
195088,20200402,-9999,    9
195088,20200403,-9999,    9
195088,20200404,-9999,    9
195088,20200405,-9999,    9
195088,20200406,-9999,    9
195088,20200407,-9999,    9
195088,20200408,-9999,    9
195088,20200409,-9999,    9
195088,20200410,-9999,    9
195088,20200411,-9999,    9
195088,20200412,-9999,    9
195088,20200413,-9999,    9
195088,20200414,-9999,    9
195088,20200415,-9999,    9
195088,20200416,-9999,    9
195088,20200417,-9999,    9
195088,20200418,-9999,    9
195088,20200419,-9999,    9
195088,20200420,-9999,    9
195088,20200421,-9999,    9
195088,20200422,-9999,    9
195088,20200423,-9999,    9
195088,20200424,-9999,    9
195088,20200425,-9999,    9
195088,20200426,-9999,    9
195088,20200427,-9999,    9
195088,20200428,-9999,    9
195088,20200429,-9999,    9
195088,20200430,-9999,    9
195088,20200501,-9999,    9
195088,20200502,-9999,    9
195088,20200503,-9999,    9
195088,20200504,-9999,    9
195088,20200505,-9999,    9
195088,20200506,-9999,    9
195088,20200507,-9999,    9
195088,20200508,-9999,    9
195088,20200509,-9999,    9
195088,20200510,-9999,    9
195088,20200511,-9999,    9
195088,20200512,-9999,    9
195088,20200513,-9999,    9
195088,20200514,-9999,    9
195088,20200515,-9999,    9
195088,20200516,-9999,    9
195088,20200517,-9999,    9
195088,20200518,-9999,    9
195088,20200519,-9999,    9
195088,20200520,-9999,    9
195088,20200521,-9999,    9
195088,20200522,-9999,    9
195088,20200523,-9999,    9
195088,20200524,-9999,    9
195088,20200525,-9999,    9
195088,20200526,-9999,    9
195088,20200527,-9999,    9
195088,20200528,-9999,    9
195088,20200529,-9999,    9
195088,20200530,-9999,    9
195088,20200531,-9999,    9
195088,20200601,-9999,    9
195088,20200602,-9999,    9
195088,20200603,-9999,    9
195088,20200604,-9999,    9
195088,20200605,-9999,    9
195088,20200606,-9999,    9
195088,20200607,-9999,    9
195088,20200608,-9999,    9
195088,20200609,-9999,    9
195088,20200610,-9999,    9
195088,20200611,-9999,    9
195088,20200612,-9999,    9
195088,20200613,-9999,    9
195088,20200614,-9999,    9
195088,20200615,-9999,    9
195088,20200616,-9999,    9
195088,20200617,-9999,    9
195088,20200618,-9999,    9
195088,20200619,-9999,    9
195088,20200620,-9999,    9
195088,20200621,-9999,    9
195088,20200622,-9999,    9
195088,20200623,-9999,    9
195088,20200624,-9999,    9
195088,20200625,-9999,    9
195088,20200626,-9999,    9
195088,20200627,-9999,    9
195088,20200628,-9999,    9
195088,20200629,-9999,    9
195088,20200630,-9999,    9
195088,20200701,-9999,    9
195088,20200702,-9999,    9
195088,20200703,-9999,    9
195088,20200704,-9999,    9
195088,20200705,-9999,    9
195088,20200706,-9999,    9
195088,20200707,-9999,    9
195088,20200708,-9999,    9
195088,20200709,-9999,    9
195088,20200710,-9999,    9
195088,20200711,-9999,    9
195088,20200712,-9999,    9
195088,20200713,-9999,    9
195088,20200714,-9999,    9
195088,20200715,-9999,    9
195088,20200716,-9999,    9
195088,20200717,-9999,    9
195088,20200718,-9999,    9
195088,20200719,-9999,    9
195088,20200720,-9999,    9
195088,20200721,-9999,    9
195088,20200722,-9999,    9
195088,20200723,-9999,    9
195088,20200724,-9999,    9
195088,20200725,-9999,    9
195088,20200726,-9999,    9
195088,20200727,-9999,    9
195088,20200728,-9999,    9
195088,20200729,-9999,    9
195088,20200730,-9999,    9
195088,20200731,-9999,    9
195088,20200801,-9999,    9
195088,20200802,-9999,    9
195088,20200803,-9999,    9
195088,20200804,-9999,    9
195088,20200805,-9999,    9
195088,20200806,-9999,    9
195088,20200807,-9999,    9
195088,20200808,-9999,    9
195088,20200809,-9999,    9
195088,20200810,-9999,    9
195088,20200811,-9999,    9
195088,20200812,-9999,    9
195088,20200813,-9999,    9
195088,20200814,-9999,    9
195088,20200815,-9999,    9
195088,20200816,-9999,    9
195088,20200817,-9999,    9
194984,20200818,  239,    0
194984,20200819,  248,    0
194984,20200820,  261,    0
194984,20200821,  267,    0
194984,20200822,  272,    0
194984,20200823,  256,    0
194984,20200824,  239,    0
194984,20200825,  237,    0
194984,20200826,  258,    0
194984,20200827,  257,    0
194984,20200828,  261,    0
194984,20200829,  261,    0
194984,20200830,  233,    0
195088,20200831,-9999,    9
194984,20200901,  202,    0
194984,20200902,  204,    0
194984,20200903,  213,    0
194984,20200904,  224,    0
194984,20200905,  230,    0
194984,20200906,  230,    0
194984,20200907,  225,    0
194984,20200908,  220,    0
194984,20200909,  228,    0
194984,20200910,  238,    0
194984,20200911,  240,    0
194984,20200912,  237,    0
194984,20200913,  241,    0
194984,20200914,  243,    0
194984,20200915,  241,    0
194984,20200916,  241,    0
194984,20200917,  244,    0
194984,20200918,  225,    0
194984,20200919,  205,    0
194984,20200920,  205,    0
194984,20200921,  212,    0
194984,20200922,  200,    0
194984,20200923,  201,    0
194984,20200924,  211,    0
194984,20200925,  195,    0
194984,20200926,  151,    0
194984,20200927,  125,    0
194984,20200928,  141,    0
194984,20200929,  155,    0
194984,20200930,  170,    0
194984,20201001,  175,    0
194984,20201002,  192,    0
194984,20201003,  182,    0
194984,20201004,  181,    0
194984,20201005,  165,    0
194984,20201006,  163,    0
194984,20201007,  163,    0
194984,20201008,  153,    0
194984,20201009,  154,    0
194984,20201010,  164,    0
194984,20201011,  126,    0
194984,20201012,  121,    0
194984,20201013,  123,    0
194984,20201014,  114,    0
194984,20201015,  122,    0
194984,20201016,  122,    0
194984,20201017,  121,    0
194984,20201018,  127,    0
194984,20201019,  126,    0
194984,20201020,  123,    0
194984,20201021,  117,    0
194984,20201022,  116,    0
194984,20201023,  125,    0
194984,20201024,  140,    0
194984,20201025,  146,    0
194984,20201026,  169,    0
194984,20201027,  136,    0
194984,20201028,  115,    0
194984,20201029,  121,    0
194984,20201030,  131,    0
195088,20201031,-9999,    9
195088,20201101,-9999,    9
195088,20201102,-9999,    9
195088,20201103,-9999,    9
195088,20201104,-9999,    9
195088,20201105,-9999,    9
195088,20201106,-9999,    9
195088,20201107,-9999,    9
195088,20201108,-9999,    9
195088,20201109,-9999,    9
195088,20201110,-9999,    9
195088,20201111,-9999,    9
195088,20201112,-9999,    9
195088,20201113,-9999,    9
195088,20201114,-9999,    9
195088,20201115,-9999,    9
195088,20201116,-9999,    9
195088,20201117,-9999,    9
195088,20201118,-9999,    9
195088,20201119,-9999,    9
195088,20201120,-9999,    9
195088,20201121,-9999,    9
195088,20201122,-9999,    9
195088,20201123,-9999,    9
195088,20201124,-9999,    9
195088,20201125,-9999,    9
195088,20201126,-9999,    9
195088,20201127,-9999,    9
195088,20201128,-9999,    9
195088,20201129,-9999,    9
195088,20201130,-9999,    9
195088,20201201,-9999,    9
195088,20201202,-9999,    9
195088,20201203,-9999,    9
195088,20201204,-9999,    9
195088,20201205,-9999,    9
195088,20201206,-9999,    9
195088,20201207,-9999,    9
195088,20201208,-9999,    9
195088,20201209,-9999,    9
195088,20201210,-9999,    9
195088,20201211,-9999,    9
195088,20201212,-9999,    9
195088,20201213,-9999,    9
195088,20201214,-9999,    9
195088,20201215,-9999,    9
195088,20201216,-9999,    9
195088,20201217,-9999,    9
195088,20201218,-9999,    9
195088,20201219,-9999,    9
195088,20201220,-9999,    9
195088,20201221,-9999,    9
195088,20201222,-9999,    9
195088,20201223,-9999,    9
195088,20201224,-9999,    9
195088,20201225,-9999,    9
195088,20201226,-9999,    9
195088,20201227,-9999,    9
195088,20201228,-9999,    9
195088,20201229,-9999,    9
195088,20201230,-9999,    9
195088,20201231,-9999,    9
195088,20210101,-9999,    9
195088,20210102,-9999,    9
195088,20210103,-9999,    9
195088,20210104,-9999,    9
195088,20210105,-9999,    9
195088,20210106,-9999,    9
195088,20210107,-9999,    9
195088,20210108,-9999,    9
195088,20210109,-9999,    9
195088,20210110,-9999,    9
195088,20210111,-9999,    9
195088,20210112,-9999,    9
195088,20210113,-9999,    9
195088,20210114,-9999,    9
195088,20210115,-9999,    9
195088,20210116,-9999,    9
195088,20210117,-9999,    9
195088,20210118,-9999,    9
195088,20210119,-9999,    9
194984,20210120,   22,    0
194984,20210121,   29,    0
194984,20210122,   60,    0
194984,20210123,   75,    0
194984,20210124,   41,    0
194984,20210125,   27,    0
194984,20210126,   30,    0
194984,20210127,   12,    0
194984,20210128,   16,    0
194984,20210129,   25,    0
194984,20210130,   45,    0
194984,20210131,   72,    0
194984,20210201,   47,    0
194984,20210202,   55,    0
194984,20210203,   55,    0
194984,20210204,   75,    0
194984,20210205,   82,    0
194984,20210206,   87,    0
194984,20210207,   97,    0
194984,20210208,   93,    0
194984,20210209,   97,    0
194984,20210210,  107,    0
194984,20210211,   71,    0
194984,20210212,   39,    0
194984,20210213,   14,    0
194984,20210214,   17,    0
194984,20210215,   16,    0
194984,20210216,   51,    0
194984,20210217,   64,    0
194984,20210218,   72,    0
194984,20210219,   87,    0
194984,20210220,   90,    0
194984,20210221,   85,    0
194984,20210222,   91,    0
194984,20210223,   71,    0
194984,20210224,  111,    0
194984,20210225,  125,    0
194984,20210226,  110,    0
194984,20210227,   90,    0
194984,20210228,   79,    0
194984,20210301,   77,    0
194984,20210302,   86,    0
194984,20210303,   82,    0
194984,20210304,   94,    0
194984,20210305,  107,    0
194984,20210306,   69,    0
194984,20210307,   58,    0
194984,20210308,   68,    0
194984,20210309,   71,    0
194984,20210310,   82,    0
194984,20210311,   90,    0
194984,20210312,  101,    0
194984,20210313,  103,    0
194984,20210314,   80,    0
194984,20210315,   77,    0
194984,20210316,   89,    0
194984,20210317,   85,    0
194984,20210318,   72,    0
194984,20210319,   57,    0
194984,20210320,   51,    0
194984,20210321,   57,    0
194984,20210322,   82,    0
194984,20210323,   90,    0
194984,20210324,   91,    0
194984,20210325,  102,    0
194984,20210326,  106,    0
194984,20210327,  118,    0
194984,20210328,  127,    0
194984,20210329,  126,    0
194984,20210330,  148,    0
194984,20210331,  160,    0
194984,20210401,  171,    0
194984,20210402,  168,    0
194984,20210403,  128,    0
194984,20210404,  102,    0
194984,20210405,   98,    0
194984,20210406,   58,    0
194984,20210407,   48,    0
194984,20210408,   83,    0
194984,20210409,  102,    0
194984,20210410,  117,    0
194984,20210411,  117,    0
194984,20210412,  124,    0
194984,20210413,   79,    0
194984,20210414,   85,    0
194984,20210415,   84,    0
194984,20210416,   88,    0
194984,20210417,   96,    0
194984,20210418,  101,    0
194984,20210419,  113,    0
194984,20210420,  126,    0
194984,20210421,  128,    0
194984,20210422,  136,    0
194984,20210423,  138,    0
194984,20210424,  150,    0
194984,20210425,  162,    0
194984,20210426,  137,    0
194984,20210427,  126,    0
194984,20210428,  140,    0
194984,20210429,  159,    0
194984,20210430,  171,    0
194984,20210501,  164,    0
194984,20210502,  165,    0
194984,20210503,  142,    0
194984,20210504,  156,    0
194984,20210505,  167,    0
194984,20210506,  159,    0
194984,20210507,  187,    0
194984,20210508,  159,    0
194984,20210509,  171,    0
194984,20210510,  180,    0
194984,20210511,  167,    0
194984,20210512,  161,    0
194984,20210513,  151,    0
194984,20210514,  149,    0
194984,20210515,  162,    0
194984,20210516,  178,    0
194984,20210517,  161,    0
194984,20210518,  175,    0
194984,20210519,  149,    0
194984,20210520,  166,    0
194984,20210521,  181,    0
194984,20210522,  184,    0
194984,20210523,  206,    0
194984,20210524,  165,    0
194984,20210525,  181,    0
194984,20210526,  170,    0
194984,20210527,  188,    0
194984,20210528,  186,    0
194984,20210529,  198,    0
194984,20210530,  188,    0
194984,20210531,  185,    0
194984,20210601,  189,    0
194984,20210602,  199,    0
194984,20210603,  222,    0
194984,20210604,  228,    0
194984,20210605,  246,    0
194984,20210606,  210,    0
194984,20210607,  213,    0
194984,20210608,  222,    0
194984,20210609,  239,    0
194984,20210610,  237,    0
194984,20210611,  230,    0
194984,20210612,  245,    0
194984,20210613,  250,    0
194984,20210614,  236,    0
194984,20210615,  235,    0
194984,20210616,  241,    0
194984,20210617,  259,    0
194984,20210618,  260,    0
194984,20210619,  273,    0
194984,20210620,  269,    0
194984,20210621,  280,    0
194984,20210622,  273,    0
194984,20210623,  263,    0
194984,20210624,  272,    0
194984,20210625,  247,    0
194984,20210626,  251,    0
194984,20210627,  265,    0
194984,20210628,  266,    0
194984,20210629,  276,    0
194984,20210630,  256,    0
194984,20210701,  249,    0
194984,20210702,  247,    0
194984,20210703,  254,    0
194984,20210704,  227,    0
194984,20210705,  241,    0
194984,20210706,  259,    0
194984,20210707,  276,    0
194984,20210708,  267,    0
194984,20210709,  247,    0
194984,20210710,  258,    0
194984,20210711,  265,    0
194984,20210712,  264,    0
194984,20210713,  246,    0
194984,20210714,  228,    0
194984,20210715,  230,    0
194984,20210716,  212,    0
194984,20210717,  229,    0
194984,20210718,  253,    0
194984,20210719,  268,    0
194984,20210720,  264,    0
194984,20210721,  260,    0
194984,20210722,  256,    0
194984,20210723,  261,    0
194984,20210724,  263,    0
194984,20210725,  279,    0
194984,20210726,  248,    0
194984,20210727,  248,    0
194984,20210728,  256,    0
194984,20210729,  266,    0
194984,20210730,  275,    0
194984,20210731,  274,    0
194984,20210801,  257,    0
194984,20210802,  231,    0
194984,20210803,  241,    0
194984,20210804,  243,    0
194984,20210805,  252,    0
194984,20210806,  247,    0
194984,20210807,  257,    0
194984,20210808,  280,    0
194984,20210809,  254,    0
194984,20210810,  260,    0
194984,20210811,  276,    0
194984,20210812,  276,    0
194984,20210813,  278,    0
194984,20210814,  288,    0
194984,20210815,  286,    0
194984,20210816,  285,    0
194984,20210817,  247,    0
194984,20210818,  232,    0
194984,20210819,  236,    0
194984,20210820,  244,    0
194984,20210821,  256,    0
194984,20210822,  262,    0
194984,20210823,  223,    0
194984,20210824,  227,    0
194984,20210825,  226,    0
194984,20210826,  228,    0
194984,20210827,  191,    0
194984,20210828,  188,    0
194984,20210829,  198,    0
194984,20210830,  200,    0
194984,20210831,  194,    0
194984,20210901,  211,    0
194984,20210902,  217,    0
194984,20210903,  208,    0
194984,20210904,  216,    0
194984,20210905,  216,    0
194984,20210906,  218,    0
194984,20210907,  214,    0
194984,20210908,  213,    0
194984,20210909,  212,    0
194984,20210910,  212,    0
194984,20210911,  217,    0
194984,20210912,  222,    0
194984,20210913,  233,    0
194984,20210914,  234,    0
194984,20210915,  243,    0
194984,20210916,  215,    0
194984,20210917,  216,    0
194984,20210918,  214,    0
194984,20210919,  206,    0
194984,20210920,  196,    0
194984,20210921,  185,    0
194984,20210922,  175,    0
194984,20210923,  180,    0
194984,20210924,  190,    0
194984,20210925,  200,    0
194984,20210926,  197,    0
194984,20210927,  187,    0
194984,20210928,  202,    0
194984,20210929,  210,    0
194984,20210930,  199,    0
194984,20211001,  175,    0
194984,20211002,  173,    0
194984,20211003,  206,    0
194984,20211004,  213,    0
194984,20211005,  203,    0
194984,20211006,  184,    0
194984,20211007,  154,    0
194984,20211008,  166,    0
194984,20211009,  148,    0
194984,20211010,  128,    0
194984,20211011,  134,    0
194984,20211012,  133,    0
194984,20211013,  123,    0
194984,20211014,  116,    0
194984,20211015,  115,    0
194984,20211016,  126,    0
194984,20211017,  133,    0
194984,20211018,  131,    0
194984,20211019,  133,    0
194984,20211020,  144,    0
194984,20211021,  166,    0
194984,20211022,  135,    0
194984,20211023,  135,    0
194984,20211024,  121,    0
194984,20211025,  111,    0
194984,20211026,  116,    0
194984,20211027,  121,    0
194984,20211028,  114,    0
194984,20211029,  100,    0
194984,20211030,  108,    0
194984,20211031,  126,    0
194984,20211101,  132,    0
194984,20211102,  123,    0
194984,20211103,  141,    0
194984,20211104,  131,    0
194984,20211105,  109,    0
194984,20211106,  121,    0
194984,20211107,  113,    0
194984,20211108,  114,    0
194984,20211109,  128,    0
194984,20211110,  118,    0
194984,20211111,  118,    0
194984,20211112,  104,    0
194984,20211113,   97,    0
194984,20211114,  135,    0
194984,20211115,  133,    0
194984,20211116,  106,    0
194984,20211117,  105,    0
194984,20211118,  115,    0
194984,20211119,   98,    0
194984,20211120,   94,    0
194984,20211121,   66,    0
194984,20211122,  107,    0
194984,20211123,   92,    0
194984,20211124,   63,    0
194984,20211125,   76,    0
194984,20211126,   78,    0
194984,20211127,  108,    0
194984,20211128,   73,    0
194984,20211129,   37,    0
194984,20211130,   35,    0
194984,20211201,   54,    0
194984,20211202,   62,    0
194984,20211203,   65,    0
194984,20211204,   41,    0
194984,20211205,   46,    0
194984,20211206,   47,    0
194984,20211207,   26,    0
194984,20211208,   45,    0
194984,20211209,   39,    0
194984,20211210,   47,    0
194984,20211211,   35,    0
194984,20211212,   27,    0
194984,20211213,   36,    0
194984,20211214,   36,    0
194984,20211215,   38,    0
194984,20211216,   30,    0
194984,20211217,   15,    0
194984,20211218,   10,    0
194984,20211219,    6,    0
194984,20211220,   20,    0
194984,20211221,   37,    0
194984,20211222,   41,    0
194984,20211223,   20,    0
194984,20211224,   37,    0
194984,20211225,   43,    0
194984,20211226,   48,    0
194984,20211227,   66,    0
194984,20211228,   72,    0
194984,20211229,   59,    0
194984,20211230,   51,    0
194984,20211231,   31,    0
194984,20220101,   22,    0
194984,20220102,   16,    0
194984,20220103,   37,    0
194984,20220104,   57,    0
194984,20220105,   88,    0
194984,20220106,   61,    0
194984,20220107,   35,    0
194984,20220108,   11,    0
194984,20220109,    9,    0
194984,20220110,   29,    0
194984,20220111,   34,    0
194984,20220112,   38,    0
194984,20220113,   19,    0
194984,20220114,   39,    0
194984,20220115,   37,    0
194984,20220116,   42,    0
194984,20220117,   41,    0
194984,20220118,   50,    0
194984,20220119,   32,    0
194984,20220120,   31,    0
194984,20220121,   41,    0
194984,20220122,   15,    0
194984,20220123,   13,    0
194984,20220124,   33,    0
194984,20220125,   38,    0
194984,20220126,   36,    0
194984,20220127,   40,    0
194984,20220128,   36,    0
194984,20220129,   31,    0
194984,20220130,   32,    0
195088,20220131,-9999,    9
195088,20220201,-9999,    9
195088,20220202,-9999,    9
195088,20220203,-9999,    9
195088,20220204,-9999,    9
195088,20220205,-9999,    9
195088,20220206,-9999,    9
195088,20220207,-9999,    9
195088,20220208,-9999,    9
195088,20220209,-9999,    9
195088,20220210,-9999,    9
195088,20220211,-9999,    9
195088,20220212,-9999,    9
195088,20220213,-9999,    9
195088,20220214,-9999,    9
195088,20220215,-9999,    9
195088,20220216,-9999,    9
195088,20220217,-9999,    9
195088,20220218,-9999,    9
195088,20220219,-9999,    9
195088,20220220,-9999,    9
195088,20220221,-9999,    9
195088,20220222,-9999,    9
195088,20220223,-9999,    9
195088,20220224,-9999,    9
195088,20220225,-9999,    9
195088,20220226,-9999,    9
195088,20220227,-9999,    9
195088,20220228,-9999,    9
