EUROPEAN CLIMATE ASSESSMENT & DATASET (ECA&D), file created on 08-04-2022
THESE DATA CAN BE USED FREELY PROVIDED THAT THE FOLLOWING SOURCE IS ACKNOWLEDGED:

Klein Tank, A.M.G. and Coauthors, 2002. Daily dataset of 20th-century surface
air temperature and precipitation series for the European Climate Assessment.
Int. J. of Climatol., 22, 1441-1453.
Data and metadata available at http://www.ecad.eu

FILE FORMAT (MISSING VALUE CODE IS -9999):

01-06 SOUID: Source identifier
08-15 DATE : Date YYYYMMDD
17-21 TG   : mean temperature in 0.1 &#176;C
23-27 Q_TG : Quality code for TG (0='valid'; 1='suspect'; 9='missing')

This is the blended series of station ITALY, DIGA_DI_BRASIMONE (STAID: 17608).
Blended and updated with sources: 195152 
See file sources.txt and stations.txt for more info.

 SOUID,    DATE,   TG, Q_TG
195152,20180401,-9999,    9
195152,20180402,-9999,    9
195152,20180403,-9999,    9
195152,20180404,-9999,    9
195152,20180405,-9999,    9
195152,20180406,-9999,    9
195152,20180407,   88,    0
195152,20180408,  102,    0
195152,20180409,   68,    0
195152,20180410,   74,    0
195152,20180411,   79,    0
195152,20180412,   88,    0
195152,20180413,   79,    0
195152,20180414,   88,    0
195152,20180415,   93,    0
195152,20180416,  115,    0
195152,20180417,  120,    0
195152,20180418,  118,    0
195152,20180419,  124,    0
195152,20180420,-9999,    9
195152,20180421,  147,    0
195152,20180422,  148,    0
195152,20180423,  149,    0
195152,20180424,  148,    0
195152,20180425,  154,    0
195152,20180426,-9999,    9
195152,20180427,  133,    0
195152,20180428,  154,    0
195152,20180429,  161,    0
195152,20180430,  116,    0
195152,20180501,   95,    0
195152,20180502,   91,    0
195152,20180503,  104,    0
195152,20180504,  111,    0
195152,20180505,  125,    0
195152,20180506,  142,    0
195152,20180507,  140,    0
195152,20180508,  146,    0
195152,20180509,  123,    0
195152,20180510,  121,    0
195152,20180511,  124,    0
195152,20180512,  134,    0
195152,20180513,  124,    0
195152,20180514,   83,    0
195152,20180515,   80,    0
195152,20180516,  101,    0
195152,20180517,  102,    0
195152,20180518,  119,    0
195152,20180519,  129,    0
195152,20180520,  134,    0
195152,20180521,  132,    0
195152,20180522,  123,    0
195152,20180523,  127,    0
195152,20180524,  147,    0
195152,20180525,  167,    0
195152,20180526,  178,    0
195152,20180527,  181,    0
195152,20180528,  189,    0
195152,20180529,  185,    0
195152,20180530,  169,    0
195152,20180531,  173,    0
195152,20180601,  156,    0
195152,20180602,  164,    0
195152,20180603,  184,    0
195152,20180604,  170,    0
195152,20180605,  161,    0
195152,20180606,  163,    0
195152,20180607,  183,    0
195152,20180608,  157,    0
195152,20180609,  165,    0
195152,20180610,  172,    0
195152,20180611,  202,    0
195152,20180612,  184,    0
195152,20180613,  157,    0
195152,20180614,  147,    0
195152,20180615,  152,    0
195152,20180616,  160,    0
195152,20180617,  179,    0
195152,20180618,  169,    0
195152,20180619,  179,    0
195152,20180620,  180,    0
195152,20180621,  192,    0
195152,20180622,  172,    0
195152,20180623,  144,    0
195152,20180624,  142,    0
195152,20180625,  133,    0
195152,20180626,  139,    0
195152,20180627,  165,    0
195152,20180628,  158,    0
195152,20180629,  182,    0
195152,20180630,  201,    0
195152,20180701,  209,    0
195152,20180702,  205,    0
195152,20180703,  206,    0
195152,20180704,  203,    0
195152,20180705,  212,    0
195152,20180706,  180,    0
195152,20180707,  178,    0
195152,20180708,  192,    0
195152,20180709,  194,    0
195152,20180710,  198,    0
195152,20180711,  198,    0
195152,20180712,  191,    0
195152,20180713,  191,    0
195152,20180714,  211,    0
195152,20180715,  197,    0
195152,20180716,  179,    0
195152,20180717,  185,    0
195152,20180718,  198,    0
195152,20180719,  212,    0
195152,20180720,  206,    0
195152,20180721,  188,    0
195152,20180722,  185,    0
195152,20180723,  184,    0
195152,20180724,  192,    0
195152,20180725,  198,    0
195152,20180726,  182,    0
195152,20180727,  196,    0
195152,20180728,  203,    0
195152,20180729,  209,    0
195152,20180730,  219,    0
195152,20180731,  227,    0
195152,20180801,  222,    0
195152,20180802,  211,    0
195152,20180803,  206,    0
195152,20180804,  214,    0
195152,20180805,  218,    0
195152,20180806,  219,    0
195152,20180807,  209,    0
195152,20180808,  206,    0
195152,20180809,  211,    0
195152,20180810,  214,    0
195152,20180811,  205,    0
195152,20180812,  197,    0
195152,20180813,  195,    0
195152,20180814,  174,    0
195152,20180815,  165,    0
195152,20180816,  180,    0
195152,20180817,  185,    0
195152,20180818,  193,    0
195152,20180819,  196,    0
195152,20180820,  199,    0
195152,20180821,  200,    0
195152,20180822,  195,    0
195152,20180823,  180,    0
195152,20180824,  201,    0
195152,20180825,  194,    0
195152,20180826,  128,    0
195152,20180827,  136,    0
195152,20180828,  164,    0
195152,20180829,  191,    0
195152,20180830,  189,    0
195152,20180831,  175,    0
195152,20180901,  145,    0
195152,20180902,  139,    0
195152,20180903,  143,    0
195152,20180904,  152,    0
195152,20180905,  165,    0
195152,20180906,  173,    0
195152,20180907,  152,    0
195152,20180908,  166,    0
195152,20180909,  172,    0
195152,20180910,  178,    0
195152,20180911,  186,    0
195152,20180912,  189,    0
195152,20180913,  171,    0
195152,20180914,  183,    0
195152,20180915,  181,    0
195152,20180916,  185,    0
195152,20180917,  179,    0
195152,20180918,  169,    0
195152,20180919,  173,    0
195152,20180920,  177,    0
195152,20180921,  182,    0
195152,20180922,  188,    0
195152,20180923,  191,    0
195152,20180924,  161,    0
195152,20180925,   96,    0
195152,20180926,   83,    0
195152,20180927,  108,    0
195152,20180928,  131,    0
195152,20180929,  128,    0
195152,20180930,  119,    0
195152,20181001,  109,    0
195152,20181002,   74,    0
195152,20181003,   93,    0
195152,20181004,  112,    0
195152,20181005,  104,    0
195152,20181006,  107,    0
195152,20181007,  124,    0
195152,20181008,  124,    0
195152,20181009,  136,    0
195152,20181010,  130,    0
195152,20181011,  135,    0
195152,20181012,  138,    0
195152,20181013,  128,    0
195152,20181014,  111,    0
195152,20181015,  118,    0
195152,20181016,  124,    0
195152,20181017,  116,    0
195152,20181018,  132,    0
195152,20181019,  133,    0
195152,20181020,  120,    0
195152,20181021,   90,    0
195152,20181022,   70,    0
195152,20181023,   90,    0
195152,20181024,  151,    0
195152,20181025,  134,    0
195152,20181026,  131,    0
195152,20181027,  139,    0
195152,20181028,  133,    0
195152,20181029,  121,    0
195152,20181030,   74,    0
195152,20181031,   91,    0
195152,20181101,  102,    0
195152,20181102,   96,    0
195152,20181103,   99,    0
195152,20181104,  109,    0
195152,20181105,  114,    0
195152,20181106,  109,    0
195152,20181107,  101,    0
195152,20181108,   92,    0
195152,20181109,   94,    0
195152,20181110,  100,    0
195152,20181111,  108,    0
195152,20181112,  109,    0
195152,20181113,  103,    0
195152,20181114,   88,    0
195152,20181115,   75,    0
195152,20181116,   49,    0
195152,20181117,   26,    0
195152,20181118,    6,    0
195152,20181119,    2,    0
195152,20181120,   -4,    0
195152,20181121,   33,    0
195152,20181122,   53,    0
195152,20181123,   66,    0
195152,20181124,   96,    0
195152,20181125,   52,    0
195152,20181126,   46,    0
195152,20181127,   40,    0
195152,20181128,   27,    0
195152,20181129,   10,    0
195152,20181130,    1,    0
195152,20181201,   12,    0
195152,20181202,   45,    0
195152,20181203,   88,    0
195152,20181204,   66,    0
195152,20181205,   51,    0
195152,20181206,   51,    0
195152,20181207,   66,    0
195152,20181208,   57,    0
195152,20181209,   86,    0
195152,20181210,   63,    0
195152,20181211,   10,    0
195152,20181212,    0,    0
195152,20181213,  -11,    0
195152,20181214,  -28,    0
195152,20181215,  -32,    0
195152,20181216,  -10,    0
195152,20181217,  -17,    0
195152,20181218,  -15,    0
195152,20181219,    9,    0
195152,20181220,    0,    0
195152,20181221,   54,    0
195152,20181222,   87,    0
195152,20181223,   80,    0
195152,20181224,   75,    0
195152,20181225,   21,    0
195152,20181226,   22,    0
195152,20181227,   22,    0
195152,20181228,   15,    0
195152,20181229,   31,    0
195152,20181230,   39,    0
195152,20181231,   27,    0
195152,20190101,   20,    0
195152,20190102,   10,    0
195152,20190103,  -28,    0
195152,20190104,  -29,    0
195152,20190105,   -8,    0
195152,20190106,   17,    0
195152,20190107,    4,    0
195152,20190108,   16,    0
195152,20190109,    1,    0
195152,20190110,  -18,    0
195152,20190111,  -34,    0
195152,20190112,   -4,    0
195152,20190113,   30,    0
195152,20190114,   54,    0
195152,20190115,   26,    0
195152,20190116,   45,    0
195152,20190117,   45,    0
195152,20190118,   31,    0
195152,20190119,   -7,    0
195152,20190120,   -8,    0
195152,20190121,  -18,    0
195152,20190122,  -29,    0
195152,20190123,  -25,    0
195152,20190124,  -29,    0
195152,20190125,  -25,    0
195152,20190126,  -11,    0
195152,20190127,   31,    0
195152,20190128,    6,    0
195152,20190129,    0,    0
195152,20190130,   -9,    0
195152,20190131,   -5,    0
195152,20190201,   52,    0
195152,20190202,   49,    0
195152,20190203,   24,    0
195152,20190204,   11,    0
195152,20190205,   10,    0
195152,20190206,   18,    0
195152,20190207,   27,    0
195152,20190208,   21,    0
195152,20190209,   47,    0
195152,20190210,   60,    0
195152,20190211,   44,    0
195152,20190212,   36,    0
195152,20190213,   13,    0
195152,20190214,   33,    0
195152,20190215,   42,    0
195152,20190216,   40,    0
195152,20190217,   59,    0
195152,20190218,   53,    0
195152,20190219,   32,    0
195152,20190220,   40,    0
195152,20190221,-9999,    9
195152,20190222,   60,    0
195152,20190223,    6,    0
195152,20190224,   -6,    0
195152,20190225,   42,    0
195152,20190226,   62,    0
195152,20190227,   86,    0
195152,20190228,   77,    0
195152,20190301,   51,    0
195152,20190302,   55,    0
195152,20190303,   70,    0
195152,20190304,   75,    0
195152,20190305,   72,    0
195152,20190306,   78,    0
195152,20190307,   83,    0
195152,20190308,   78,    0
195152,20190309,   75,    0
195152,20190310,   83,    0
195152,20190311,   69,    0
195152,20190312,   44,    0
195152,20190313,   37,    0
195152,20190314,   52,    0
195152,20190315,   75,    0
195152,20190316,   93,    0
195152,20190317,   77,    0
195152,20190318,   46,    0
195152,20190319,    9,    0
195152,20190320,   20,    0
195152,20190321,   36,    0
195152,20190322,   62,    0
195152,20190323,   85,    0
195152,20190324,  103,    0
195152,20190325,   93,    0
195152,20190326,-9999,    9
195152,20190327,-9999,    9
195152,20190328,-9999,    9
195152,20190329,-9999,    9
195152,20190330,-9999,    9
195152,20190331,-9999,    9
195152,20190401,-9999,    9
195152,20190402,-9999,    9
195152,20190403,   69,    0
195152,20190404,   63,    0
195152,20190405,   45,    0
195152,20190406,   68,    0
195152,20190407,   62,    0
195152,20190408,   63,    0
195152,20190409,   79,    0
195152,20190410,   78,    0
195152,20190411,   68,    0
195152,20190412,   55,    0
195152,20190413,   34,    0
195152,20190414,   30,    0
195152,20190415,   50,    0
195152,20190416,   71,    0
195152,20190417,   88,    0
195152,20190418,   85,    0
195152,20190419,   81,    0
195152,20190420,   96,    0
195152,20190421,  105,    0
195152,20190422,   91,    0
195152,20190423,   99,    0
195152,20190424,  116,    0
195152,20190425,  137,    0
195152,20190426,  115,    0
195152,20190427,   91,    0
195152,20190428,   70,    0
195152,20190429,   30,    0
195152,20190430,   83,    0
195152,20190501,  104,    0
195152,20190502,   98,    0
195152,20190503,   93,    0
195152,20190504,   95,    0
195152,20190505,   30,    0
195152,20190506,   23,    0
195152,20190507,   59,    0
195152,20190508,   74,    0
195152,20190509,   91,    0
195152,20190510,  109,    0
195152,20190511,  106,    0
195152,20190512,   62,    0
195152,20190513,   59,    0
195152,20190514,   65,    0
195152,20190515,   27,    0
195152,20190516,   81,    0
195152,20190517,  103,    0
195152,20190518,   89,    0
195152,20190519,   94,    0
195152,20190520,   97,    0
195152,20190521,  115,    0
195152,20190522,  112,    0
195152,20190523,  119,    0
195152,20190524,  127,    0
195152,20190525,  140,    0
195152,20190526,  114,    0
195152,20190527,  109,    0
195152,20190528,  119,    0
195152,20190529,   90,    0
195152,20190530,  102,    0
195152,20190531,-9999,    9
195152,20190601,-9999,    9
195152,20190602,-9999,    9
195152,20190603,-9999,    9
195152,20190604,-9999,    9
195152,20190605,-9999,    9
195152,20190606,-9999,    9
195152,20190607,-9999,    9
195152,20190608,-9999,    9
195152,20190609,-9999,    9
195152,20190610,-9999,    9
195152,20190611,-9999,    9
195152,20190612,-9999,    9
195152,20190613,-9999,    9
195152,20190614,-9999,    9
195152,20190615,-9999,    9
195152,20190616,-9999,    9
195152,20190617,-9999,    9
195152,20190618,-9999,    9
195152,20190619,-9999,    9
195152,20190620,-9999,    9
195152,20190621,-9999,    9
195152,20190622,-9999,    9
195152,20190623,-9999,    9
195152,20190624,-9999,    9
195152,20190625,-9999,    9
195152,20190626,-9999,    9
195152,20190627,-9999,    9
195152,20190628,-9999,    9
195152,20190629,-9999,    9
195152,20190630,-9999,    9
195152,20190701,-9999,    9
195152,20190702,-9999,    9
195152,20190703,-9999,    9
195152,20190704,-9999,    9
195152,20190705,-9999,    9
195152,20190706,-9999,    9
195152,20190707,-9999,    9
195152,20190708,-9999,    9
195152,20190709,-9999,    9
195152,20190710,-9999,    9
195152,20190711,-9999,    9
195152,20190712,-9999,    9
195152,20190713,-9999,    9
195152,20190714,-9999,    9
195152,20190715,-9999,    9
195152,20190716,-9999,    9
195152,20190717,-9999,    9
195152,20190718,-9999,    9
195152,20190719,-9999,    9
195152,20190720,-9999,    9
195152,20190721,-9999,    9
195152,20190722,-9999,    9
195152,20190723,-9999,    9
195152,20190724,-9999,    9
195152,20190725,-9999,    9
195152,20190726,-9999,    9
195152,20190727,-9999,    9
195152,20190728,-9999,    9
195152,20190729,-9999,    9
195152,20190730,-9999,    9
195152,20190731,-9999,    9
195152,20190801,-9999,    9
195152,20190802,-9999,    9
195152,20190803,-9999,    9
195152,20190804,-9999,    9
195152,20190805,-9999,    9
195152,20190806,-9999,    9
195152,20190807,-9999,    9
195152,20190808,-9999,    9
195152,20190809,-9999,    9
195152,20190810,-9999,    9
195152,20190811,-9999,    9
195152,20190812,-9999,    9
195152,20190813,-9999,    9
195152,20190814,-9999,    9
195152,20190815,-9999,    9
195152,20190816,-9999,    9
195152,20190817,-9999,    9
195152,20190818,-9999,    9
195152,20190819,-9999,    9
195152,20190820,-9999,    9
195152,20190821,-9999,    9
195152,20190822,-9999,    9
195152,20190823,-9999,    9
195152,20190824,-9999,    9
195152,20190825,-9999,    9
195152,20190826,-9999,    9
195152,20190827,-9999,    9
195152,20190828,-9999,    9
195152,20190829,-9999,    9
195152,20190830,-9999,    9
195152,20190831,-9999,    9
195152,20190901,-9999,    9
195152,20190902,-9999,    9
195152,20190903,-9999,    9
195152,20190904,-9999,    9
195152,20190905,-9999,    9
195152,20190906,-9999,    9
195152,20190907,-9999,    9
195152,20190908,-9999,    9
195152,20190909,-9999,    9
195152,20190910,-9999,    9
195152,20190911,-9999,    9
195152,20190912,-9999,    9
195152,20190913,-9999,    9
195152,20190914,-9999,    9
195152,20190915,-9999,    9
195152,20190916,-9999,    9
195152,20190917,-9999,    9
195152,20190918,-9999,    9
195152,20190919,-9999,    9
195152,20190920,-9999,    9
195152,20190921,-9999,    9
195152,20190922,-9999,    9
195152,20190923,-9999,    9
195152,20190924,-9999,    9
195152,20190925,-9999,    9
195152,20190926,-9999,    9
195152,20190927,-9999,    9
195152,20190928,-9999,    9
195152,20190929,-9999,    9
195152,20190930,-9999,    9
195152,20191001,-9999,    9
195152,20191002,-9999,    9
195152,20191003,-9999,    9
195152,20191004,-9999,    9
195152,20191005,-9999,    9
195152,20191006,-9999,    9
195152,20191007,-9999,    9
195152,20191008,-9999,    9
195152,20191009,-9999,    9
195152,20191010,-9999,    9
195152,20191011,-9999,    9
195152,20191012,-9999,    9
195152,20191013,-9999,    9
195152,20191014,-9999,    9
195152,20191015,-9999,    9
195152,20191016,-9999,    9
195152,20191017,-9999,    9
195152,20191018,-9999,    9
195152,20191019,-9999,    9
195152,20191020,-9999,    9
195152,20191021,-9999,    9
195152,20191022,-9999,    9
195152,20191023,-9999,    9
195152,20191024,-9999,    9
195152,20191025,-9999,    9
195152,20191026,-9999,    9
195152,20191027,-9999,    9
195152,20191028,-9999,    9
195152,20191029,-9999,    9
195152,20191030,-9999,    9
195152,20191031,-9999,    9
195152,20191101,-9999,    9
195152,20191102,-9999,    9
195152,20191103,-9999,    9
195152,20191104,-9999,    9
195152,20191105,-9999,    9
195152,20191106,-9999,    9
195152,20191107,-9999,    9
195152,20191108,-9999,    9
195152,20191109,-9999,    9
195152,20191110,-9999,    9
195152,20191111,-9999,    9
195152,20191112,-9999,    9
195152,20191113,-9999,    9
195152,20191114,-9999,    9
195152,20191115,-9999,    9
195152,20191116,-9999,    9
195152,20191117,-9999,    9
195152,20191118,-9999,    9
195152,20191119,-9999,    9
195152,20191120,-9999,    9
195152,20191121,-9999,    9
195152,20191122,-9999,    9
195152,20191123,-9999,    9
195152,20191124,-9999,    9
195152,20191125,-9999,    9
195152,20191126,-9999,    9
195152,20191127,-9999,    9
195152,20191128,-9999,    9
195152,20191129,-9999,    9
195152,20191130,-9999,    9
195152,20191201,-9999,    9
195152,20191202,-9999,    9
195152,20191203,-9999,    9
195152,20191204,-9999,    9
195152,20191205,-9999,    9
195152,20191206,-9999,    9
195152,20191207,-9999,    9
195152,20191208,-9999,    9
195152,20191209,-9999,    9
195152,20191210,-9999,    9
195152,20191211,-9999,    9
195152,20191212,-9999,    9
195152,20191213,-9999,    9
195152,20191214,-9999,    9
195152,20191215,-9999,    9
195152,20191216,-9999,    9
195152,20191217,-9999,    9
195152,20191218,-9999,    9
195152,20191219,-9999,    9
195152,20191220,-9999,    9
195152,20191221,-9999,    9
195152,20191222,-9999,    9
195152,20191223,-9999,    9
195152,20191224,-9999,    9
195152,20191225,-9999,    9
195152,20191226,-9999,    9
195152,20191227,-9999,    9
195152,20191228,-9999,    9
195152,20191229,-9999,    9
195152,20191230,-9999,    9
195152,20191231,   20,    0
195152,20200101,   27,    0
195152,20200102,   30,    0
195152,20200103,   31,    0
195152,20200104,   36,    0
195152,20200105,   28,    0
195152,20200106,    2,    0
195152,20200107,    6,    0
195152,20200108,   15,    0
195152,20200109,   41,    0
195152,20200110,   42,    0
195152,20200111,   30,    0
195152,20200112,   20,    0
195152,20200113,    7,    0
195152,20200114,   24,    0
195152,20200115,   51,    0
195152,20200116,   26,    0
195152,20200117,   30,    0
195152,20200118,   20,    0
195152,20200119,    9,    0
195152,20200120,    0,    0
195152,20200121,   -1,    0
195152,20200122,   28,    0
195152,20200123,   20,    0
195152,20200124,   27,    0
195152,20200125,   17,    0
195152,20200126,   26,    0
195152,20200127,   43,    0
195152,20200128,   65,    0
195152,20200129,   58,    0
195152,20200130,   52,    0
195152,20200131,-9999,    9
195152,20200201,-9999,    9
195152,20200202,-9999,    9
195152,20200203,-9999,    9
195152,20200204,-9999,    9
195152,20200205,-9999,    9
195152,20200206,-9999,    9
195152,20200207,-9999,    9
195152,20200208,-9999,    9
195152,20200209,-9999,    9
195152,20200210,-9999,    9
195152,20200211,-9999,    9
195152,20200212,-9999,    9
195152,20200213,-9999,    9
195152,20200214,-9999,    9
195152,20200215,-9999,    9
195152,20200216,-9999,    9
195152,20200217,-9999,    9
195152,20200218,-9999,    9
195152,20200219,-9999,    9
195152,20200220,-9999,    9
195152,20200221,-9999,    9
195152,20200222,-9999,    9
195152,20200223,-9999,    9
195152,20200224,-9999,    9
195152,20200225,-9999,    9
195152,20200226,-9999,    9
195152,20200227,-9999,    9
195152,20200228,-9999,    9
195152,20200229,-9999,    9
195152,20200301,-9999,    9
195152,20200302,-9999,    9
195152,20200303,-9999,    9
195152,20200304,-9999,    9
195152,20200305,-9999,    9
195152,20200306,-9999,    9
195152,20200307,-9999,    9
195152,20200308,-9999,    9
195152,20200309,-9999,    9
195152,20200310,-9999,    9
195152,20200311,-9999,    9
195152,20200312,-9999,    9
195152,20200313,-9999,    9
195152,20200314,-9999,    9
195152,20200315,-9999,    9
195152,20200316,-9999,    9
195152,20200317,-9999,    9
195152,20200318,-9999,    9
195152,20200319,-9999,    9
195152,20200320,-9999,    9
195152,20200321,-9999,    9
195152,20200322,-9999,    9
195152,20200323,-9999,    9
195152,20200324,-9999,    9
195152,20200325,-9999,    9
195152,20200326,-9999,    9
195152,20200327,-9999,    9
195152,20200328,-9999,    9
195152,20200329,-9999,    9
195152,20200330,-9999,    9
195152,20200331,-9999,    9
195152,20200401,-9999,    9
195152,20200402,-9999,    9
195152,20200403,-9999,    9
195152,20200404,-9999,    9
195152,20200405,-9999,    9
195152,20200406,-9999,    9
195152,20200407,-9999,    9
195152,20200408,-9999,    9
195152,20200409,-9999,    9
195152,20200410,-9999,    9
195152,20200411,-9999,    9
195152,20200412,-9999,    9
195152,20200413,-9999,    9
195152,20200414,-9999,    9
195152,20200415,-9999,    9
195152,20200416,-9999,    9
195152,20200417,-9999,    9
195152,20200418,-9999,    9
195152,20200419,-9999,    9
195152,20200420,-9999,    9
195152,20200421,-9999,    9
195152,20200422,-9999,    9
195152,20200423,-9999,    9
195152,20200424,-9999,    9
195152,20200425,-9999,    9
195152,20200426,-9999,    9
195152,20200427,-9999,    9
195152,20200428,-9999,    9
195152,20200429,-9999,    9
195152,20200430,  108,    0
195152,20200501,  114,    0
195152,20200502,  131,    0
195152,20200503,  112,    0
195152,20200504,  130,    0
195152,20200505,  135,    0
195152,20200506,  106,    0
195152,20200507,  110,    0
195152,20200508,  140,    0
195152,20200509,  147,    0
195152,20200510,  153,    0
195152,20200511,  111,    0
195152,20200512,  129,    0
195152,20200513,  146,    0
195152,20200514,  147,    0
195152,20200515,  129,    0
195152,20200516,  125,    0
195152,20200517,  135,    0
195152,20200518,  139,    0
195152,20200519,  125,    0
195152,20200520,-9999,    9
195152,20200521,  132,    0
195152,20200522,  154,    0
195152,20200523,  162,    0
195152,20200524,  148,    0
195152,20200525,  139,    0
195152,20200526,  140,    0
195152,20200527,  116,    0
195152,20200528,  130,    0
195152,20200529,   90,    0
195152,20200530,  108,    0
195152,20200531,  113,    0
195152,20200601,  131,    0
195152,20200602,  148,    0
195152,20200603,  144,    0
195152,20200604,  132,    0
195152,20200605,  145,    0
195152,20200606,  144,    0
195152,20200607,  147,    0
195152,20200608,  137,    0
195152,20200609,  132,    0
195152,20200610,  115,    0
195152,20200611,  120,    0
195152,20200612,  144,    0
195152,20200613,  148,    0
195152,20200614,  139,    0
195152,20200615,  140,    0
195152,20200616,  149,    0
195152,20200617,  148,    0
195152,20200618,  151,    0
195152,20200619,  150,    0
195152,20200620,  157,    0
195152,20200621,  167,    0
195152,20200622,  183,    0
195152,20200623,  186,    0
195152,20200624,  191,    0
195152,20200625,  193,    0
195152,20200626,  195,    0
195152,20200627,  191,    0
195152,20200628,  203,    0
195152,20200629,  209,    0
195152,20200630,  207,    0
195152,20200701,  202,    0
195152,20200702,  208,    0
195152,20200703,  180,    0
195152,20200704,  174,    0
195152,20200705,  187,    0
195152,20200706,  208,    0
195152,20200707,  155,    0
195152,20200708,  165,    0
195152,20200709,  192,    0
195152,20200710,  204,    0
195152,20200711,  198,    0
195152,20200712,  166,    0
195152,20200713,  154,    0
195152,20200714,  161,    0
195152,20200715,  155,    0
195152,20200716,  168,    0
195152,20200717,  174,    0
195152,20200718,  167,    0
195152,20200719,  174,    0
195152,20200720,  192,    0
195152,20200721,  199,    0
195152,20200722,  212,    0
195152,20200723,  210,    0
195152,20200724,  157,    0
195152,20200725,  175,    0
195152,20200726,  194,    0
195152,20200727,  197,    0
195152,20200728,  218,    0
195152,20200729,  228,    0
195152,20200730,  231,    0
195152,20200731,  219,    0
195152,20200801,  237,    0
195152,20200802,  231,    0
195152,20200803,  196,    0
195152,20200804,  147,    0
195152,20200805,  150,    0
195152,20200806,  172,    0
195152,20200807,  190,    0
195152,20200808,  200,    0
195152,20200809,  210,    0
195152,20200810,  216,    0
195152,20200811,  205,    0
195152,20200812,  210,    0
195152,20200813,  222,    0
195152,20200814,  221,    0
195152,20200815,  193,    0
195152,20200816,  198,    0
195152,20200817,  193,    0
195152,20200818,  187,    0
195152,20200819,  193,    0
195152,20200820,  200,    0
195152,20200821,  218,    0
195152,20200822,  223,    0
195152,20200823,  214,    0
195152,20200824,  192,    0
195152,20200825,  195,    0
195152,20200826,  196,    0
195152,20200827,  202,    0
195152,20200828,  201,    0
195152,20200829,  208,    0
195152,20200830,  171,    0
195152,20200831,-9999,    9
195152,20200901,  136,    0
195152,20200902,  138,    0
195152,20200903,  150,    0
195152,20200904,  164,    0
195152,20200905,  178,    0
195152,20200906,  175,    0
195152,20200907,  173,    0
195152,20200908,  163,    0
195152,20200909,  173,    0
195152,20200910,  184,    0
195152,20200911,  186,    0
195152,20200912,  178,    0
195152,20200913,  182,    0
195152,20200914,  178,    0
195152,20200915,  176,    0
195152,20200916,  179,    0
195152,20200917,  179,    0
195152,20200918,  180,    0
195152,20200919,  162,    0
195152,20200920,  164,    0
195152,20200921,  153,    0
195152,20200922,  149,    0
195152,20200923,  141,    0
195152,20200924,  153,    0
195152,20200925,  123,    0
195152,20200926,   96,    0
195152,20200927,   70,    0
195152,20200928,   81,    0
195152,20200929,  103,    0
195152,20200930,  117,    0
195152,20201001,  122,    0
195152,20201002,  131,    0
195152,20201003,  117,    0
195152,20201004,  106,    0
195152,20201005,  105,    0
195152,20201006,  112,    0
195152,20201007,  122,    0
195152,20201008,  103,    0
195152,20201009,  114,    0
195152,20201010,  117,    0
195152,20201011,   87,    0
195152,20201012,   44,    0
195152,20201013,   62,    0
195152,20201014,   77,    0
195152,20201015,   64,    0
195152,20201016,   62,    0
195152,20201017,   63,    0
195152,20201018,   73,    0
195152,20201019,   70,    0
195152,20201020,   77,    0
195152,20201021,   99,    0
195152,20201022,  116,    0
195152,20201023,  126,    0
195152,20201024,  114,    0
195152,20201025,   99,    0
195152,20201026,  109,    0
195152,20201027,   74,    0
195152,20201028,   73,    0
195152,20201029,   98,    0
195152,20201030,  100,    0
195152,20201031,-9999,    9
195152,20201101,-9999,    9
195152,20201102,-9999,    9
195152,20201103,-9999,    9
195152,20201104,-9999,    9
195152,20201105,-9999,    9
195152,20201106,-9999,    9
195152,20201107,-9999,    9
195152,20201108,-9999,    9
195152,20201109,-9999,    9
195152,20201110,-9999,    9
195152,20201111,-9999,    9
195152,20201112,-9999,    9
195152,20201113,-9999,    9
195152,20201114,-9999,    9
195152,20201115,-9999,    9
195152,20201116,-9999,    9
195152,20201117,-9999,    9
195152,20201118,-9999,    9
195152,20201119,-9999,    9
195152,20201120,-9999,    9
195152,20201121,-9999,    9
195152,20201122,-9999,    9
195152,20201123,-9999,    9
195152,20201124,-9999,    9
195152,20201125,-9999,    9
195152,20201126,-9999,    9
195152,20201127,-9999,    9
195152,20201128,-9999,    9
195152,20201129,-9999,    9
195152,20201130,-9999,    9
195152,20201201,-9999,    9
195152,20201202,-9999,    9
195152,20201203,-9999,    9
195152,20201204,-9999,    9
195152,20201205,-9999,    9
195152,20201206,-9999,    9
195152,20201207,-9999,    9
195152,20201208,-9999,    9
195152,20201209,-9999,    9
195152,20201210,-9999,    9
195152,20201211,-9999,    9
195152,20201212,-9999,    9
195152,20201213,-9999,    9
195152,20201214,-9999,    9
195152,20201215,-9999,    9
195152,20201216,-9999,    9
195152,20201217,-9999,    9
195152,20201218,-9999,    9
195152,20201219,-9999,    9
195152,20201220,-9999,    9
195152,20201221,-9999,    9
195152,20201222,-9999,    9
195152,20201223,-9999,    9
195152,20201224,-9999,    9
195152,20201225,-9999,    9
195152,20201226,-9999,    9
195152,20201227,-9999,    9
195152,20201228,-9999,    9
195152,20201229,-9999,    9
195152,20201230,-9999,    9
195152,20201231,    6,    0
195152,20210101,   19,    0
195152,20210102,   27,    0
195152,20210103,   24,    0
195152,20210104,   11,    0
195152,20210105,    3,    0
195152,20210106,   -3,    0
195152,20210107,-9999,    9
195152,20210108,-9999,    9
195152,20210109,  -26,    0
195152,20210110,  -32,    0
195152,20210111,  -40,    0
195152,20210112,  -25,    0
195152,20210113,   15,    0
195152,20210114,   40,    0
195152,20210115,   -7,    0
195152,20210116,  -23,    0
195152,20210117,-9999,    9
195152,20210118,  -14,    0
195152,20210119,    9,    0
195152,20210120,   35,    0
195152,20210121,   60,    0
195152,20210122,   69,    0
195152,20210123,   33,    0
195152,20210124,   17,    0
195152,20210125,   14,    0
195152,20210126,    6,    0
195152,20210127,   -8,    0
195152,20210128,   24,    0
195152,20210129,   65,    0
195152,20210130,   51,    0
195152,20210131,   26,    0
195152,20210201,   30,    0
195152,20210202,   47,    0
195152,20210203,   72,    0
195152,20210204,   85,    0
195152,20210205,   73,    0
195152,20210206,   56,    0
195152,20210207,   77,    0
195152,20210208,   45,    0
195152,20210209,   60,    0
195152,20210210,   55,    0
195152,20210211,   34,    0
195152,20210212,-9999,    9
195152,20210213,  -65,    0
195152,20210214,  -60,    0
195152,20210215,  -35,    0
195152,20210216,    0,    0
195152,20210217,   38,    0
195152,20210218,   45,    0
195152,20210219,   60,    0
195152,20210220,   59,    0
195152,20210221,   47,    0
195152,20210222,   54,    0
195152,20210223,   63,    0
195152,20210224,   76,    0
195152,20210225,   78,    0
195152,20210226,   83,    0
195152,20210227,   65,    0
195152,20210228,   28,    0
195152,20210301,-9999,    9
195152,20210302,   44,    0
195152,20210303,   67,    0
195152,20210304,   61,    0
195152,20210305,   65,    0
195152,20210306,-9999,    9
195152,20210307,   14,    0
195152,20210308,   36,    0
195152,20210309,   26,    0
195152,20210310,   33,    0
195152,20210311,   51,    0
195152,20210312,   72,    0
195152,20210313,   61,    0
195152,20210314,   38,    0
195152,20210315,   41,    0
195152,20210316,   45,    0
195152,20210317,   26,    0
195152,20210318,    8,    0
195152,20210319,   -5,    0
195152,20210320,   -9,    0
195152,20210321,  -10,    0
195152,20210322,   21,    0
195152,20210323,   20,    0
195152,20210324,   55,    0
195152,20210325,   67,    0
195152,20210326,   70,    0
195152,20210327,   75,    0
195152,20210328,   79,    0
195152,20210329,   94,    0
195152,20210330,  110,    0
195152,20210331,  120,    0
195152,20210401,  124,    0
195152,20210402,  113,    0
195152,20210403,   90,    0
195152,20210404,   41,    0
195152,20210405,   56,    0
195152,20210406,   21,    0
195152,20210407,    4,    0
195152,20210408,   30,    0
195152,20210409,   55,    0
195152,20210410,   54,    0
195152,20210411,   76,    0
195152,20210412,   77,    0
195152,20210413,   19,    0
195152,20210414,   24,    0
195152,20210415,   19,    0
195152,20210416,   23,    0
195152,20210417,   28,    0
195152,20210418,   31,    0
195152,20210419,   46,    0
195152,20210420,   55,    0
195152,20210421,   75,    0
195152,20210422,   73,    0
195152,20210423,   75,    0
195152,20210424,   94,    0
195152,20210425,  120,    0
195152,20210426,  102,    0
195152,20210427,   68,    0
195152,20210428,   83,    0
195152,20210429,  106,    0
195152,20210430,  122,    0
195152,20210501,  125,    0
195152,20210502,   91,    0
195152,20210503,   91,    0
195152,20210504,   99,    0
195152,20210505,   95,    0
195152,20210506,  113,    0
195152,20210507,  119,    0
195152,20210508,  103,    0
195152,20210509,  135,    0
195152,20210510,  160,    0
195152,20210511,  111,    0
195152,20210512,   98,    0
195152,20210513,   93,    0
195152,20210514,   89,    0
195152,20210515,   92,    0
195152,20210516,  110,    0
195152,20210517,  110,    0
195152,20210518,  107,    0
195152,20210519,   96,    0
195152,20210520,  103,    0
195152,20210521,  121,    0
195152,20210522,  115,    0
195152,20210523,  134,    0
195152,20210524,  111,    0
195152,20210525,  114,    0
195152,20210526,  116,    0
195152,20210527,  121,    0
195152,20210528,  143,    0
195152,20210529,  135,    0
195152,20210530,  121,    0
195152,20210531,  123,    0
195152,20210601,  133,    0
195152,20210602,  145,    0
195152,20210603,  157,    0
195152,20210604,  173,    0
195152,20210605,  170,    0
195152,20210606,  164,    0
195152,20210607,  156,    0
195152,20210608,  146,    0
195152,20210609,  168,    0
195152,20210610,  148,    0
195152,20210611,  159,    0
195152,20210612,  179,    0
195152,20210613,  193,    0
195152,20210614,  198,    0
195152,20210615,  190,    0
195152,20210616,  189,    0
195152,20210617,  202,    0
195152,20210618,  203,    0
195152,20210619,  198,    0
195152,20210620,  222,    0
195152,20210621,  211,    0
195152,20210622,  209,    0
195152,20210623,  200,    0
195152,20210624,  199,    0
195152,20210625,  184,    0
195152,20210626,  179,    0
195152,20210627,  195,    0
195152,20210628,  219,    0
195152,20210629,  213,    0
195152,20210630,  176,    0
195152,20210701,  171,    0
195152,20210702,  184,    0
195152,20210703,  193,    0
195152,20210704,  181,    0
195152,20210705,  188,    0
195152,20210706,  208,    0
195152,20210707,  229,    0
195152,20210708,  214,    0
195152,20210709,  183,    0
195152,20210710,  193,    0
195152,20210711,  187,    0
195152,20210712,  203,    0
195152,20210713,  185,    0
195152,20210714,  155,    0
195152,20210715,  167,    0
195152,20210716,  158,    0
195152,20210717,  168,    0
195152,20210718,  198,    0
195152,20210719,  197,    0
195152,20210720,  199,    0
195152,20210721,  205,    0
195152,20210722,  202,    0
195152,20210723,  210,    0
195152,20210724,  220,    0
195152,20210725,  217,    0
195152,20210726,  216,    0
195152,20210727,  217,    0
195152,20210728,  213,    0
195152,20210729,  224,    0
195152,20210730,  237,    0
195152,20210731,  233,    0
195152,20210801,  195,    0
195152,20210802,  177,    0
195152,20210803,  180,    0
195152,20210804,  190,    0
195152,20210805,  178,    0
195152,20210806,  183,    0
195152,20210807,  209,    0
195152,20210808,  210,    0
195152,20210809,  220,    0
195152,20210810,  222,    0
195152,20210811,  225,    0
195152,20210812,  236,    0
195152,20210813,  240,    0
195152,20210814,  243,    0
195152,20210815,  247,    0
195152,20210816,  235,    0
195152,20210817,  201,    0
195152,20210818,  178,    0
195152,20210819,  184,    0
195152,20210820,  197,    0
195152,20210821,  204,    0
195152,20210822,  202,    0
195152,20210823,  181,    0
195152,20210824,  176,    0
195152,20210825,  167,    0
195152,20210826,  176,    0
195152,20210827,  158,    0
195152,20210828,  124,    0
195152,20210829,  134,    0
195152,20210830,  149,    0
195152,20210831,  144,    0
195152,20210901,  152,    0
195152,20210902,  157,    0
195152,20210903,  154,    0
195152,20210904,  152,    0
195152,20210905,  158,    0
195152,20210906,  158,    0
195152,20210907,  155,    0
195152,20210908,  154,    0
195152,20210909,  158,    0
195152,20210910,  165,    0
195152,20210911,  168,    0
195152,20210912,  170,    0
195152,20210913,  180,    0
195152,20210914,  181,    0
195152,20210915,  185,    0
195152,20210916,  178,    0
195152,20210917,  173,    0
195152,20210918,  173,    0
195152,20210919,  152,    0
195152,20210920,  137,    0
195152,20210921,  126,    0
195152,20210922,  120,    0
195152,20210923,  123,    0
195152,20210924,  153,    0
195152,20210925,  165,    0
195152,20210926,  160,    0
195152,20210927,  157,    0
195152,20210928,  155,    0
195152,20210929,  154,    0
195152,20210930,  139,    0
195152,20211001,  129,    0
195152,20211002,  136,    0
195152,20211003,  157,    0
195152,20211004,  155,    0
195152,20211005,  131,    0
195152,20211006,  112,    0
195152,20211007,   74,    0
195152,20211008,   85,    0
195152,20211009,   76,    0
195152,20211010,   56,    0
195152,20211011,   72,    0
195152,20211012,   86,    0
195152,20211013,   64,    0
195152,20211014,   50,    0
195152,20211015,   59,    0
195152,20211016,   71,    0
195152,20211017,   77,    0
195152,20211018,   76,    0
195152,20211019,   96,    0
195152,20211020,  114,    0
195152,20211021,  117,    0
195152,20211022,  117,    0
195152,20211023,   99,    0
195152,20211024,   80,    0
195152,20211025,   66,    0
195152,20211026,   66,    0
195152,20211027,   75,    0
195152,20211028,   64,    0
195152,20211029,   63,    0
195152,20211030,   75,    0
195152,20211031,   76,    0
195152,20211101,   92,    0
195152,20211102,   95,    0
195152,20211103,  101,    0
195152,20211104,   78,    0
195152,20211105,   48,    0
195152,20211106,   45,    0
195152,20211107,   55,    0
195152,20211108,   52,    0
195152,20211109,   45,    0
195152,20211110,   68,    0
195152,20211111,   82,    0
195152,20211112,   88,    0
195152,20211113,   93,    0
195152,20211114,   77,    0
195152,20211115,   86,    0
195152,20211116,   52,    0
195152,20211117,   59,    0
195152,20211118,   72,    0
195152,20211119,   73,    0
195152,20211120,   79,    0
195152,20211121,   81,    0
195152,20211122,   63,    0
195152,20211123,   45,    0
195152,20211124,   24,    0
195152,20211125,   24,    0
195152,20211126,   52,    0
195152,20211127,   46,    0
195152,20211128,   17,    0
195152,20211129,   -6,    0
195152,20211130,   11,    0
195152,20211201,   47,    0
195152,20211202,   42,    0
195152,20211203,    5,    0
195152,20211204,   23,    0
195152,20211205,   26,    0
195152,20211206,   -3,    0
195152,20211207,    0,    0
195152,20211208,   30,    0
195152,20211209,   -3,    0
195152,20211210,  -10,    0
195152,20211211,   -9,    0
195152,20211212,  -14,    0
195152,20211213,    7,    0
195152,20211214,   18,    0
195152,20211215,   19,    0
195152,20211216,   26,    0
195152,20211217,   27,    0
195152,20211218,   12,    0
195152,20211219,   26,    0
195152,20211220,   29,    0
195152,20211221,   18,    0
195152,20211222,   10,    0
195152,20211223,   36,    0
195152,20211224,   82,    0
195152,20211225,   85,    0
195152,20211226,   63,    0
195152,20211227,   55,    0
195152,20211228,   67,    0
195152,20211229,   60,    0
195152,20211230,   61,    0
195152,20211231,   86,    0
195152,20220101,   65,    0
195152,20220102,   53,    0
195152,20220103,   71,    0
195152,20220104,   80,    0
195152,20220105,   56,    0
195152,20220106,   -8,    0
195152,20220107,   -6,    0
195152,20220108,  -17,    0
195152,20220109,  -10,    0
195152,20220110,   -9,    0
195152,20220111,   -3,    0
195152,20220112,  -20,    0
195152,20220113,  -18,    0
195152,20220114,    8,    0
195152,20220115,   24,    0
195152,20220116,   22,    0
195152,20220117,   24,    0
195152,20220118,   14,    0
195152,20220119,   23,    0
195152,20220120,   26,    0
195152,20220121,  -19,    0
195152,20220122,   -7,    0
195152,20220123,   12,    0
195152,20220124,    2,    0
195152,20220125,    7,    0
195152,20220126,   26,    0
195152,20220127,   32,    0
195152,20220128,   36,    0
195152,20220129,   20,    0
195152,20220130,   32,    0
195152,20220131,-9999,    9
195152,20220201,-9999,    9
195152,20220202,-9999,    9
195152,20220203,-9999,    9
195152,20220204,-9999,    9
195152,20220205,-9999,    9
195152,20220206,-9999,    9
195152,20220207,-9999,    9
195152,20220208,-9999,    9
195152,20220209,-9999,    9
195152,20220210,-9999,    9
195152,20220211,-9999,    9
195152,20220212,-9999,    9
195152,20220213,-9999,    9
195152,20220214,-9999,    9
195152,20220215,-9999,    9
195152,20220216,-9999,    9
195152,20220217,-9999,    9
195152,20220218,-9999,    9
195152,20220219,-9999,    9
195152,20220220,-9999,    9
195152,20220221,-9999,    9
195152,20220222,-9999,    9
195152,20220223,-9999,    9
195152,20220224,-9999,    9
195152,20220225,-9999,    9
195152,20220226,-9999,    9
195152,20220227,-9999,    9
195152,20220228,-9999,    9
