EUROPEAN CLIMATE ASSESSMENT & DATASET (ECA&D), file created on 08-04-2022
THESE DATA CAN BE USED FREELY PROVIDED THAT THE FOLLOWING SOURCE IS ACKNOWLEDGED:

Klein Tank, A.M.G. and Coauthors, 2002. Daily dataset of 20th-century surface
air temperature and precipitation series for the European Climate Assessment.
Int. J. of Climatol., 22, 1441-1453.
Data and metadata available at http://www.ecad.eu

FILE FORMAT (MISSING VALUE CODE IS -9999):

01-06 SOUID: Source identifier
08-15 DATE : Date YYYYMMDD
17-21 TG   : mean temperature in 0.1 &#176;C
23-27 Q_TG : Quality code for TG (0='valid'; 1='suspect'; 9='missing')

This is the blended series of station ITALY, SELVANIZZA (STAID: 17808).
Blended and updated with sources: 197432 
See file sources.txt and stations.txt for more info.

 SOUID,    DATE,   TG, Q_TG
197432,20140601,-9999,    9
197432,20140602,-9999,    9
197432,20140603,-9999,    9
197432,20140604,-9999,    9
197432,20140605,-9999,    9
197432,20140606,-9999,    9
197432,20140607,-9999,    9
197432,20140608,-9999,    9
197432,20140609,-9999,    9
197432,20140610,-9999,    9
197432,20140611,-9999,    9
197432,20140612,-9999,    9
197432,20140613,-9999,    9
197432,20140614,-9999,    9
197432,20140615,-9999,    9
197432,20140616,-9999,    9
197432,20140617,-9999,    9
197432,20140618,-9999,    9
197432,20140619,-9999,    9
197432,20140620,-9999,    9
197432,20140621,-9999,    9
197432,20140622,-9999,    9
197432,20140623,-9999,    9
197432,20140624,-9999,    9
197432,20140625,-9999,    9
197432,20140626,-9999,    9
197432,20140627,-9999,    9
197432,20140628,  217,    0
197432,20140629,  192,    0
197432,20140630,  185,    0
197432,20140701,  186,    0
197432,20140702,  191,    0
197432,20140703,  197,    0
197432,20140704,  186,    0
197432,20140705,  200,    0
197432,20140706,  211,    0
197432,20140707,  208,    0
197432,20140708,  168,    0
197432,20140709,  149,    0
197432,20140710,  162,    0
197432,20140711,  182,    0
197432,20140712,  184,    0
197432,20140713,  181,    0
197432,20140714,  172,    0
197432,20140715,  198,    0
197432,20140716,  214,    0
197432,20140717,  226,    0
197432,20140718,  229,    0
197432,20140719,  238,    0
197432,20140720,  208,    0
197432,20140721,  165,    0
197432,20140722,  196,    0
197432,20140723,  209,    0
197432,20140724,  188,    0
197432,20140725,  202,    0
197432,20140726,  179,    0
197432,20140727,  193,    0
197432,20140728,  213,    0
197432,20140729,  180,    0
197432,20140730,  163,    0
197432,20140731,  210,    0
197432,20140801,  211,    0
197432,20140802,  198,    0
197432,20140803,  188,    0
197432,20140804,  200,    0
197432,20140805,  198,    0
197432,20140806,  201,    0
197432,20140807,  199,    0
197432,20140808,  216,    0
197432,20140809,  210,    0
197432,20140810,  219,    0
197432,20140811,  215,    0
197432,20140812,  234,    0
197432,20140813,  217,    0
197432,20140814,  187,    0
197432,20140815,  172,    0
197432,20140816,  152,    0
197432,20140817,  162,    0
197432,20140818,  167,    0
197432,20140819,  178,    0
197432,20140820,  195,    0
197432,20140821,  193,    0
197432,20140822,  175,    0
197432,20140823,  176,    0
197432,20140824,  183,    0
197432,20140825,  172,    0
197432,20140826,  196,    0
197432,20140827,  227,    0
197432,20140828,  185,    0
197432,20140829,  195,    0
197432,20140830,  202,    0
197432,20140831,  206,    0
197432,20140901,  159,    0
197432,20140902,  153,    0
197432,20140903,  143,    0
197432,20140904,  159,    0
197432,20140905,  177,    0
197432,20140906,  186,    0
197432,20140907,  187,    0
197432,20140908,  196,    0
197432,20140909,  201,    0
197432,20140910,  184,    0
197432,20140911,  176,    0
197432,20140912,  155,    0
197432,20140913,  160,    0
197432,20140914,  161,    0
197432,20140915,  167,    0
197432,20140916,  167,    0
197432,20140917,  165,    0
197432,20140918,  165,    0
197432,20140919,  167,    0
197432,20140920,  181,    0
197432,20140921,  185,    0
197432,20140922,  172,    0
197432,20140923,  129,    0
197432,20140924,  120,    0
197432,20140925,  138,    0
197432,20140926,  137,    0
197432,20140927,  147,    0
197432,20140928,  151,    0
197432,20140929,  158,    0
197432,20140930,  163,    0
197432,20141001,  152,    0
197432,20141002,  148,    0
197432,20141003,  136,    0
197432,20141004,  128,    0
197432,20141005,  126,    0
197432,20141006,  126,    0
197432,20141007,  128,    0
197432,20141008,  153,    0
197432,20141009,  145,    0
197432,20141010,  171,    0
197432,20141011,  148,    0
197432,20141012,  157,    0
197432,20141013,  159,    0
197432,20141014,  154,    0
197432,20141015,  157,    0
197432,20141016,  179,    0
197432,20141017,  199,    0
197432,20141018,  172,    0
197432,20141019,  165,    0
197432,20141020,  146,    0
197432,20141021,  177,    0
197432,20141022,  124,    0
197432,20141023,  106,    0
197432,20141024,  101,    0
197432,20141025,   83,    0
197432,20141026,   81,    0
197432,20141027,   62,    0
197432,20141028,   56,    0
197432,20141029,   54,    0
197432,20141030,   58,    0
197432,20141031,   68,    0
197432,20141101,   80,    0
197432,20141102,   83,    0
197432,20141103,   90,    0
197432,20141104,  126,    0
197432,20141105,  121,    0
197432,20141106,  103,    0
197432,20141107,  107,    0
197432,20141108,  114,    0
197432,20141109,  105,    0
197432,20141110,  119,    0
197432,20141111,  116,    0
197432,20141112,  110,    0
197432,20141113,  104,    0
197432,20141114,  100,    0
197432,20141115,  111,    0
197432,20141116,  111,    0
197432,20141117,   76,    0
197432,20141118,   88,    0
197432,20141119,   56,    0
197432,20141120,   53,    0
197432,20141121,   64,    0
197432,20141122,   79,    0
197432,20141123,   94,    0
197432,20141124,   92,    0
197432,20141125,  105,    0
197432,20141126,   73,    0
197432,20141127,   65,    0
197432,20141128,   70,    0
197432,20141129,  100,    0
197432,20141130,  100,    0
197432,20141201,  100,    0
197432,20141202,   87,    0
197432,20141203,   69,    0
197432,20141204,   71,    0
197432,20141205,   75,    0
197432,20141206,   79,    0
197432,20141207,   62,    0
197432,20141208,   45,    0
197432,20141209,   36,    0
197432,20141210,   25,    0
197432,20141211,   17,    0
197432,20141212,   53,    0
197432,20141213,   70,    0
197432,20141214,   54,    0
197432,20141215,   60,    0
197432,20141216,   59,    0
197432,20141217,   70,    0
197432,20141218,   46,    0
197432,20141219,   46,    0
197432,20141220,   40,    0
197432,20141221,   36,    0
197432,20141222,   16,    0
197432,20141223,   16,    0
197432,20141224,   33,    0
197432,20141225,   32,    0
197432,20141226,    4,    0
197432,20141227,   -8,    0
197432,20141228,  -12,    0
197432,20141229,  -19,    0
197432,20141230,  -34,    0
197432,20141231,  -53,    0
197432,20150101,  -30,    0
197432,20150102,    7,    0
197432,20150103,   41,    0
197432,20150104,   82,    0
197432,20150105,   27,    0
197432,20150106,   19,    0
197432,20150107,    3,    0
197432,20150108,   10,    0
197432,20150109,   46,    0
197432,20150110,  125,    0
197432,20150111,  114,    0
197432,20150112,   47,    0
197432,20150113,   58,    0
197432,20150114,   83,    0
197432,20150115,   98,    0
197432,20150116,   95,    0
197432,20150117,   89,    0
197432,20150118,   36,    0
197432,20150119,    0,    0
197432,20150120,   13,    0
197432,20150121,   25,    0
197432,20150122,   27,    0
197432,20150123,   42,    0
197432,20150124,   27,    0
197432,20150125,    9,    0
197432,20150126,    6,    0
197432,20150127,    0,    0
197432,20150128,  -12,    0
197432,20150129,   27,    0
197432,20150130,   17,    0
197432,20150131,    6,    0
197432,20150201,   14,    0
197432,20150202,    3,    0
197432,20150203,    5,    0
197432,20150204,   13,    0
197432,20150205,    0,    0
197432,20150206,   -1,    0
197432,20150207,   -6,    0
197432,20150208,  -10,    0
197432,20150209,   -7,    0
197432,20150210,   14,    0
197432,20150211,   10,    0
197432,20150212,    7,    0
197432,20150213,    4,    0
197432,20150214,   25,    0
197432,20150215,   32,    0
197432,20150216,   29,    0
197432,20150217,   37,    0
197432,20150218,    8,    0
197432,20150219,   12,    0
197432,20150220,   19,    0
197432,20150221,   36,    0
197432,20150222,   24,    0
197432,20150223,   51,    0
197432,20150224,   13,    0
197432,20150225,   23,    0
197432,20150226,   38,    0
197432,20150227,   42,    0
197432,20150228,   38,    0
197432,20150301,   57,    0
197432,20150302,   98,    0
197432,20150303,   66,    0
197432,20150304,   41,    0
197432,20150305,   47,    0
197432,20150306,   33,    0
197432,20150307,   21,    0
197432,20150308,   21,    0
197432,20150309,   30,    0
197432,20150310,   57,    0
197432,20150311,   76,    0
197432,20150312,   43,    0
197432,20150313,   57,    0
197432,20150314,   55,    0
197432,20150315,   43,    0
197432,20150316,   51,    0
197432,20150317,   54,    0
197432,20150318,   70,    0
197432,20150319,   69,    0
197432,20150320,   72,    0
197432,20150321,   81,    0
197432,20150322,   63,    0
197432,20150323,   85,    0
197432,20150324,   85,    0
197432,20150325,   80,    0
197432,20150326,   90,    0
197432,20150327,   89,    0
197432,20150328,   86,    0
197432,20150329,  118,    0
197432,20150330,  154,    0
197432,20150331,  146,    0
197432,20150401,  107,    0
197432,20150402,   96,    0
197432,20150403,   93,    0
197432,20150404,   59,    0
197432,20150405,   54,    0
197432,20150406,   47,    0
197432,20150407,   41,    0
197432,20150408,   84,    0
197432,20150409,  103,    0
197432,20150410,  125,    0
197432,20150411,  120,    0
197432,20150412,  121,    0
197432,20150413,  143,    0
197432,20150414,  149,    0
197432,20150415,  150,    0
197432,20150416,  157,    0
197432,20150417,  133,    0
197432,20150418,  119,    0
197432,20150419,   76,    0
197432,20150420,   94,    0
197432,20150421,  127,    0
197432,20150422,  158,    0
197432,20150423,  150,    0
197432,20150424,  129,    0
197432,20150425,  124,    0
197432,20150426,  136,    0
197432,20150427,  110,    0
197432,20150428,  127,    0
197432,20150429,  117,    0
197432,20150430,  125,    0
197432,20150501,  131,    0
197432,20150502,  167,    0
197432,20150503,  168,    0
197432,20150504,  173,    0
197432,20150505,  180,    0
197432,20150506,  176,    0
197432,20150507,  169,    0
197432,20150508,  160,    0
197432,20150509,  156,    0
197432,20150510,  170,    0
197432,20150511,  181,    0
197432,20150512,  183,    0
197432,20150513,  188,    0
197432,20150514,  207,    0
197432,20150515,  159,    0
197432,20150516,  138,    0
197432,20150517,  175,    0
197432,20150518,  178,    0
197432,20150519,  183,    0
197432,20150520,  147,    0
197432,20150521,  111,    0
197432,20150522,  104,    0
197432,20150523,  108,    0
197432,20150524,  130,    0
197432,20150525,  139,    0
197432,20150526,  136,    0
197432,20150527,  143,    0
197432,20150528,  150,    0
197432,20150529,  158,    0
197432,20150530,  171,    0
197432,20150531,  169,    0
197432,20150601,  176,    0
197432,20150602,  187,    0
197432,20150603,  209,    0
197432,20150604,  222,    0
197432,20150605,  227,    0
197432,20150606,  230,    0
197432,20150607,  226,    0
197432,20150608,  217,    0
197432,20150609,  186,    0
197432,20150610,  176,    0
197432,20150611,  187,    0
197432,20150612,  204,    0
197432,20150613,  210,    0
197432,20150614,  195,    0
197432,20150615,  205,    0
197432,20150616,  188,    0
197432,20150617,  154,    0
197432,20150618,  191,    0
197432,20150619,  187,    0
197432,20150620,  178,    0
197432,20150621,  182,    0
197432,20150622,  186,    0
197432,20150623,  204,    0
197432,20150624,  164,    0
197432,20150625,  175,    0
197432,20150626,  194,    0
197432,20150627,  214,    0
197432,20150628,  218,    0
197432,20150629,  218,    0
197432,20150630,  222,    0
197432,20150701,  233,    0
197432,20150702,  249,    0
197432,20150703,  257,    0
197432,20150704,  258,    0
197432,20150705,  267,    0
197432,20150706,  277,    0
197432,20150707,  274,    0
197432,20150708,  242,    0
197432,20150709,  218,    0
197432,20150710,  213,    0
197432,20150711,  231,    0
197432,20150712,  245,    0
197432,20150713,  247,    0
197432,20150714,  254,    0
197432,20150715,  256,    0
197432,20150716,  257,    0
197432,20150717,  259,    0
197432,20150718,  266,    0
197432,20150719,  266,    0
197432,20150720,  265,    0
197432,20150721,  267,    0
197432,20150722,  264,    0
197432,20150723,  243,    0
197432,20150724,  239,    0
197432,20150725,  240,    0
197432,20150726,  229,    0
197432,20150727,  239,    0
197432,20150728,  230,    0
197432,20150729,  240,    0
197432,20150730,  230,    0
197432,20150731,  201,    0
197432,20150801,  200,    0
197432,20150802,  211,    0
197432,20150803,  230,    0
197432,20150804,  241,    0
197432,20150805,  253,    0
197432,20150806,  257,    0
197432,20150807,  258,    0
197432,20150808,  262,    0
197432,20150809,  215,    0
197432,20150810,  183,    0
197432,20150811,  213,    0
197432,20150812,  233,    0
197432,20150813,  241,    0
197432,20150814,  224,    0
197432,20150815,  210,    0
197432,20150816,  180,    0
197432,20150817,  186,    0
197432,20150818,  192,    0
197432,20150819,  169,    0
197432,20150820,  182,    0
197432,20150821,  181,    0
197432,20150822,  184,    0
197432,20150823,  175,    0
197432,20150824,  195,    0
197432,20150825,  197,    0
197432,20150826,  192,    0
197432,20150827,  211,    0
197432,20150828,  219,    0
197432,20150829,  227,    0
197432,20150830,  233,    0
197432,20150831,  217,    0
197432,20150901,  213,    0
197432,20150902,  208,    0
197432,20150903,  206,    0
197432,20150904,  208,    0
197432,20150905,  181,    0
197432,20150906,  144,    0
197432,20150907,  149,    0
197432,20150908,  147,    0
197432,20150909,  138,    0
197432,20150910,  140,    0
197432,20150911,  148,    0
197432,20150912,  164,    0
197432,20150913,  152,    0
197432,20150914,  202,    0
197432,20150915,  183,    0
197432,20150916,  197,    0
197432,20150917,  217,    0
197432,20150918,  196,    0
197432,20150919,  149,    0
197432,20150920,  134,    0
197432,20150921,  154,    0
197432,20150922,  160,    0
197432,20150923,  146,    0
197432,20150924,  120,    0
197432,20150925,  148,    0
197432,20150926,  141,    0
197432,20150927,  126,    0
197432,20150928,  114,    0
197432,20150929,  102,    0
197432,20150930,   96,    0
197432,20151001,   84,    0
197432,20151002,  100,    0
197432,20151003,  132,    0
197432,20151004,  148,    0
197432,20151005,  153,    0
197432,20151006,  148,    0
197432,20151007,  155,    0
197432,20151008,  143,    0
197432,20151009,  132,    0
197432,20151010,  121,    0
197432,20151011,  130,    0
197432,20151012,  129,    0
197432,20151013,  138,    0
197432,20151014,  133,    0
197432,20151015,  107,    0
197432,20151016,   81,    0
197432,20151017,   81,    0
197432,20151018,   92,    0
197432,20151019,  107,    0
197432,20151020,   78,    0
197432,20151021,   60,    0
197432,20151022,   62,    0
197432,20151023,   76,    0
197432,20151024,   85,    0
197432,20151025,   97,    0
197432,20151026,   88,    0
197432,20151027,   86,    0
197432,20151028,   99,    0
197432,20151029,   99,    0
197432,20151030,   99,    0
197432,20151031,   71,    0
197432,20151101,   63,    0
197432,20151102,   59,    0
197432,20151103,   85,    0
197432,20151104,  102,    0
197432,20151105,   96,    0
197432,20151106,  101,    0
197432,20151107,  102,    0
197432,20151108,  102,    0
197432,20151109,  101,    0
197432,20151110,   99,    0
197432,20151111,   89,    0
197432,20151112,   89,    0
197432,20151113,   82,    0
197432,20151114,   72,    0
197432,20151115,   65,    0
197432,20151116,   84,    0
197432,20151117,   65,    0
197432,20151118,   69,    0
197432,20151119,   66,    0
197432,20151120,  119,    0
197432,20151121,   88,    0
197432,20151122,   14,    0
197432,20151123,    3,    0
197432,20151124,   12,    0
197432,20151125,   -3,    0
197432,20151126,   14,    0
197432,20151127,    5,    0
197432,20151128,   -6,    0
197432,20151129,   14,    0
197432,20151130,   59,    0
197432,20151201,   60,    0
197432,20151202,   38,    0
197432,20151203,   28,    0
197432,20151204,   47,    0
197432,20151205,   51,    0
197432,20151206,   37,    0
197432,20151207,   57,    0
197432,20151208,   48,    0
197432,20151209,   36,    0
197432,20151210,   26,    0
197432,20151211,   10,    0
197432,20151212,   16,    0
197432,20151213,   42,    0
197432,20151214,   53,    0
197432,20151215,   41,    0
197432,20151216,   47,    0
197432,20151217,   39,    0
197432,20151218,   39,    0
197432,20151219,   42,    0
197432,20151220,   39,    0
197432,20151221,   59,    0
197432,20151222,   58,    0
197432,20151223,   71,    0
197432,20151224,   68,    0
197432,20151225,   59,    0
197432,20151226,   32,    0
197432,20151227,   22,    0
197432,20151228,   15,    0
197432,20151229,   18,    0
197432,20151230,   27,    0
197432,20151231,   18,    0
197432,20160101,    0,    0
197432,20160102,    9,    0
197432,20160103,   16,    0
197432,20160104,    7,    0
197432,20160105,    7,    0
197432,20160106,   17,    0
197432,20160107,   23,    0
197432,20160108,   28,    0
197432,20160109,   38,    0
197432,20160110,  104,    0
197432,20160111,  112,    0
197432,20160112,   91,    0
197432,20160113,   36,    0
197432,20160114,   14,    0
197432,20160115,    7,    0
197432,20160116,   -9,    0
197432,20160117,  -16,    0
197432,20160118,  -32,    0
197432,20160119,  -39,    0
197432,20160120,  -30,    0
197432,20160121,  -27,    0
197432,20160122,  -26,    0
197432,20160123,   -8,    0
197432,20160124,   10,    0
197432,20160125,   21,    0
197432,20160126,   39,    0
197432,20160127,   43,    0
197432,20160128,   84,    0
197432,20160129,  104,    0
197432,20160130,   98,    0
197432,20160131,  103,    0
197432,20160201,   94,    0
197432,20160202,   68,    0
197432,20160203,   82,    0
197432,20160204,   45,    0
197432,20160205,   38,    0
197432,20160206,   37,    0
197432,20160207,   57,    0
197432,20160208,   82,    0
197432,20160209,  102,    0
197432,20160210,   61,    0
197432,20160211,   27,    0
197432,20160212,   27,    0
197432,20160213,   60,    0
197432,20160214,   48,    0
197432,20160215,   28,    0
197432,20160216,   22,    0
197432,20160217,   24,    0
197432,20160218,   49,    0
197432,20160219,   61,    0
197432,20160220,   45,    0
197432,20160221,   80,    0
197432,20160222,  103,    0
197432,20160223,   98,    0
197432,20160224,   57,    0
197432,20160225,   55,    0
197432,20160226,   49,    0
197432,20160227,   26,    0
197432,20160228,   35,    0
197432,20160229,   70,    0
197432,20160301,   74,    0
197432,20160302,   74,    0
197432,20160303,   43,    0
197432,20160304,   53,    0
197432,20160305,   72,    0
197432,20160306,   57,    0
197432,20160307,   20,    0
197432,20160308,    7,    0
197432,20160309,   13,    0
197432,20160310,   39,    0
197432,20160311,   43,    0
197432,20160312,   59,    0
197432,20160313,   59,    0
197432,20160314,   52,    0
197432,20160315,   60,    0
197432,20160316,   29,    0
197432,20160317,   48,    0
197432,20160318,   66,    0
197432,20160319,   81,    0
197432,20160320,   88,    0
197432,20160321,   85,    0
197432,20160322,   72,    0
197432,20160323,   68,    0
197432,20160324,   65,    0
197432,20160325,   74,    0
197432,20160326,   84,    0
197432,20160327,   97,    0
197432,20160328,  104,    0
197432,20160329,  131,    0
197432,20160330,  127,    0
197432,20160331,  114,    0
197432,20160401,  121,    0
197432,20160402,  126,    0
197432,20160403,  126,    0
197432,20160404,  129,    0
197432,20160405,  115,    0
197432,20160406,  132,    0
197432,20160407,  129,    0
197432,20160408,  117,    0
197432,20160409,   90,    0
197432,20160410,  112,    0
197432,20160411,  118,    0
197432,20160412,  144,    0
197432,20160413,  137,    0
197432,20160414,  143,    0
197432,20160415,  145,    0
197432,20160416,  149,    0
197432,20160417,  158,    0
197432,20160418,  148,    0
197432,20160419,  113,    0
197432,20160420,  120,    0
197432,20160421,  122,    0
197432,20160422,  133,    0
197432,20160423,  123,    0
197432,20160424,   98,    0
197432,20160425,   74,    0
197432,20160426,  102,    0
197432,20160427,  107,    0
197432,20160428,   91,    0
197432,20160429,  106,    0
197432,20160430,  103,    0
197432,20160501,   89,    0
197432,20160502,   88,    0
197432,20160503,  122,    0
197432,20160504,  123,    0
197432,20160505,  107,    0
197432,20160506,  125,    0
197432,20160507,  128,    0
197432,20160508,  130,    0
197432,20160509,  132,    0
197432,20160510,  156,    0
197432,20160511,  150,    0
197432,20160512,  129,    0
197432,20160513,  133,    0
197432,20160514,  145,    0
197432,20160515,  131,    0
197432,20160516,  113,    0
197432,20160517,  118,    0
197432,20160518,  139,    0
197432,20160519,  117,    0
197432,20160520,  157,    0
197432,20160521,  173,    0
197432,20160522,  172,    0
197432,20160523,  115,    0
197432,20160524,  138,    0
197432,20160525,  146,    0
197432,20160526,  162,    0
197432,20160527,  185,    0
197432,20160528,  201,    0
197432,20160529,  155,    0
197432,20160530,  160,    0
197432,20160531,  158,    0
197432,20160601,  149,    0
197432,20160602,  145,    0
197432,20160603,  139,    0
197432,20160604,  147,    0
197432,20160605,  161,    0
197432,20160606,  155,    0
197432,20160607,  185,    0
197432,20160608,  170,    0
197432,20160609,  166,    0
197432,20160610,  170,    0
197432,20160611,  180,    0
197432,20160612,  170,    0
197432,20160613,  155,    0
197432,20160614,  174,    0
197432,20160615,  171,    0
197432,20160616,  194,    0
197432,20160617,  173,    0
197432,20160618,  171,    0
197432,20160619,  134,    0
197432,20160620,  168,    0
197432,20160621,  194,    0
197432,20160622,  210,    0
197432,20160623,  226,    0
197432,20160624,  239,    0
197432,20160625,  235,    0
197432,20160626,  219,    0
197432,20160627,  199,    0
197432,20160628,  206,    0
197432,20160629,  215,    0
197432,20160630,  218,    0
197432,20160701,  221,    0
197432,20160702,  228,    0
197432,20160703,  234,    0
197432,20160704,  212,    0
197432,20160705,  222,    0
197432,20160706,  227,    0
197432,20160707,  222,    0
197432,20160708,  216,    0
197432,20160709,  233,    0
197432,20160710,  235,    0
197432,20160711,  248,    0
197432,20160712,  236,    0
197432,20160713,  215,    0
197432,20160714,  183,    0
197432,20160715,  158,    0
197432,20160716,  175,    0
197432,20160717,  203,    0
197432,20160718,  220,    0
197432,20160719,  229,    0
197432,20160720,  241,    0
197432,20160721,  228,    0
197432,20160722,  229,    0
197432,20160723,  209,    0
197432,20160724,  196,    0
197432,20160725,  224,    0
197432,20160726,  221,    0
197432,20160727,  201,    0
197432,20160728,  213,    0
197432,20160729,  229,    0
197432,20160730,  234,    0
197432,20160731,  228,    0
197432,20160801,  219,    0
197432,20160802,  215,    0
197432,20160803,  229,    0
197432,20160804,  248,    0
197432,20160805,  190,    0
197432,20160806,  177,    0
197432,20160807,  192,    0
197432,20160808,  199,    0
197432,20160809,  214,    0
197432,20160810,  170,    0
197432,20160811,  165,    0
197432,20160812,  169,    0
197432,20160813,  190,    0
197432,20160814,  213,    0
197432,20160815,  223,    0
197432,20160816,  209,    0
197432,20160817,  210,    0
197432,20160818,  211,    0
197432,20160819,  215,    0
197432,20160820,  224,    0
197432,20160821,  214,    0
197432,20160822,  192,    0
197432,20160823,  189,    0
197432,20160824,  196,    0
197432,20160825,  202,    0
197432,20160826,  204,    0
197432,20160827,  208,    0
197432,20160828,  224,    0
197432,20160829,  229,    0
197432,20160830,  199,    0
197432,20160831,  199,    0
197432,20160901,  213,    0
197432,20160902,  205,    0
197432,20160903,  216,    0
197432,20160904,  226,    0
197432,20160905,  218,    0
197432,20160906,  183,    0
197432,20160907,  161,    0
197432,20160908,  185,    0
197432,20160909,  193,    0
197432,20160910,  198,    0
197432,20160911,  202,    0
197432,20160912,  200,    0
197432,20160913,  189,    0
197432,20160914,  197,    0
197432,20160915,  173,    0
197432,20160916,  153,    0
197432,20160917,  167,    0
197432,20160918,  137,    0
197432,20160919,  155,    0
197432,20160920,  160,    0
197432,20160921,  141,    0
197432,20160922,  150,    0
197432,20160923,  148,    0
197432,20160924,  145,    0
197432,20160925,  147,    0
197432,20160926,  145,    0
197432,20160927,  152,    0
197432,20160928,  153,    0
197432,20160929,  158,    0
197432,20160930,  154,    0
197432,20161001,  159,    0
197432,20161002,  174,    0
197432,20161003,  151,    0
197432,20161004,  122,    0
197432,20161005,  126,    0
197432,20161006,  105,    0
197432,20161007,  104,    0
197432,20161008,  101,    0
197432,20161009,  105,    0
197432,20161010,   73,    0
197432,20161011,   49,    0
197432,20161012,   76,    0
197432,20161013,   78,    0
197432,20161014,   92,    0
197432,20161015,  122,    0
197432,20161016,  110,    0
197432,20161017,  122,    0
197432,20161018,  128,    0
197432,20161019,  117,    0
197432,20161020,   99,    0
197432,20161021,   93,    0
197432,20161022,   74,    0
197432,20161023,   89,    0
197432,20161024,  105,    0
197432,20161025,  121,    0
197432,20161026,  128,    0
197432,20161027,  114,    0
197432,20161028,   88,    0
197432,20161029,   81,    0
197432,20161030,   86,    0
197432,20161031,   87,    0
197432,20161101,  100,    0
197432,20161102,  137,    0
197432,20161103,   94,    0
197432,20161104,   99,    0
197432,20161105,  117,    0
197432,20161106,  125,    0
197432,20161107,   80,    0
197432,20161108,   41,    0
197432,20161109,   44,    0
197432,20161110,   41,    0
197432,20161111,   27,    0
197432,20161112,   38,    0
197432,20161113,   39,    0
197432,20161114,   30,    0
197432,20161115,   37,    0
197432,20161116,   25,    0
197432,20161117,   45,    0
197432,20161118,   70,    0
197432,20161119,  111,    0
197432,20161120,   83,    0
197432,20161121,   83,    0
197432,20161122,  100,    0
197432,20161123,  109,    0
197432,20161124,  101,    0
197432,20161125,  106,    0
197432,20161126,   76,    0
197432,20161127,   39,    0
197432,20161128,   42,    0
197432,20161129,    0,    0
197432,20161130,  -17,    0
197432,20161201,   20,    0
197432,20161202,   58,    0
197432,20161203,   36,    0
197432,20161204,   56,    0
197432,20161205,   52,    0
197432,20161206,   28,    0
197432,20161207,   15,    0
197432,20161208,    3,    0
197432,20161209,   12,    0
197432,20161210,   12,    0
197432,20161211,   42,    0
197432,20161212,   29,    0
197432,20161213,   11,    0
197432,20161214,   10,    0
197432,20161215,    6,    0
197432,20161216,   13,    0
197432,20161217,   -3,    0
197432,20161218,  -20,    0
197432,20161219,   13,    0
197432,20161220,   33,    0
197432,20161221,   35,    0
197432,20161222,   23,    0
197432,20161223,   18,    0
197432,20161224,    8,    0
197432,20161225,   35,    0
197432,20161226,   62,    0
197432,20161227,   43,    0
197432,20161228,   32,    0
197432,20161229,   -2,    0
197432,20161230,  -18,    0
197432,20161231,  -22,    0
197432,20170101,    6,    0
197432,20170102,   65,    0
197432,20170103,   16,    0
197432,20170104,   17,    0
197432,20170105,   12,    0
197432,20170106,  -65,    0
197432,20170107,  -67,    0
197432,20170108,  -47,    0
197432,20170109,  -46,    0
197432,20170110,  -42,    0
197432,20170111,  -27,    0
197432,20170112,  -13,    0
197432,20170113,   12,    0
197432,20170114,    2,    0
197432,20170115,  -22,    0
197432,20170116,  -34,    0
197432,20170117,   -4,    0
197432,20170118,    1,    0
197432,20170119,  -13,    0
197432,20170120,  -33,    0
197432,20170121,  -28,    0
197432,20170122,    7,    0
197432,20170123,   22,    0
197432,20170124,   25,    0
197432,20170125,  -14,    0
197432,20170126,  -25,    0
197432,20170127,  -23,    0
197432,20170128,  -17,    0
197432,20170129,   -3,    0
197432,20170130,    7,    0
197432,20170131,   32,    0
197432,20170201,   60,    0
197432,20170202,   55,    0
197432,20170203,   82,    0
197432,20170204,   61,    0
197432,20170205,   50,    0
197432,20170206,   45,    0
197432,20170207,   55,    0
197432,20170208,   27,    0
197432,20170209,   19,    0
197432,20170210,   26,    0
197432,20170211,   34,    0
197432,20170212,   44,    0
197432,20170213,   44,    0
197432,20170214,   42,    0
197432,20170215,   38,    0
197432,20170216,   54,    0
197432,20170217,   77,    0
197432,20170218,   49,    0
197432,20170219,   29,    0
197432,20170220,   29,    0
197432,20170221,   49,    0
197432,20170222,   52,    0
197432,20170223,   72,    0
197432,20170224,  103,    0
197432,20170225,   41,    0
197432,20170226,   42,    0
197432,20170227,   59,    0
197432,20170228,   94,    0
197432,20170301,   97,    0
197432,20170302,  100,    0
197432,20170303,   76,    0
197432,20170304,   67,    0
197432,20170305,   80,    0
197432,20170306,   84,    0
197432,20170307,   82,    0
197432,20170308,   56,    0
197432,20170309,   83,    0
197432,20170310,   93,    0
197432,20170311,   65,    0
197432,20170312,   62,    0
197432,20170313,   48,    0
197432,20170314,   87,    0
197432,20170315,   87,    0
197432,20170316,   89,    0
197432,20170317,  116,    0
197432,20170318,  127,    0
197432,20170319,  127,    0
197432,20170320,  109,    0
197432,20170321,  121,    0
197432,20170322,  119,    0
197432,20170323,  109,    0
197432,20170324,  122,    0
197432,20170325,  127,    0
197432,20170326,  106,    0
197432,20170327,   67,    0
197432,20170328,   81,    0
197432,20170329,  107,    0
197432,20170330,  135,    0
197432,20170331,  135,    0
197432,20170401,  117,    0
197432,20170402,  110,    0
197432,20170403,  131,    0
197432,20170404,  121,    0
197432,20170405,   94,    0
197432,20170406,  102,    0
197432,20170407,  111,    0
197432,20170408,  126,    0
197432,20170409,  140,    0
197432,20170410,  132,    0
197432,20170411,  116,    0
197432,20170412,  122,    0
197432,20170413,  141,    0
197432,20170414,  134,    0
197432,20170415,  116,    0
197432,20170416,  137,    0
197432,20170417,  111,    0
197432,20170418,   57,    0
197432,20170419,   49,    0
197432,20170420,   57,    0
197432,20170421,   65,    0
197432,20170422,  103,    0
197432,20170423,  129,    0
197432,20170424,  108,    0
197432,20170425,  130,    0
197432,20170426,  126,    0
197432,20170427,  124,    0
197432,20170428,   79,    0
197432,20170429,   82,    0
197432,20170430,   93,    0
197432,20170501,   86,    0
197432,20170502,   99,    0
197432,20170503,  108,    0
197432,20170504,  104,    0
197432,20170505,  126,    0
197432,20170506,  115,    0
197432,20170507,  106,    0
197432,20170508,  110,    0
197432,20170509,  119,    0
197432,20170510,  127,    0
197432,20170511,  138,    0
197432,20170512,  165,    0
197432,20170513,  174,    0
197432,20170514,  173,    0
197432,20170515,  164,    0
197432,20170516,  163,    0
197432,20170517,  176,    0
197432,20170518,  176,    0
197432,20170519,  153,    0
197432,20170520,  117,    0
197432,20170521,  153,    0
197432,20170522,  173,    0
197432,20170523,  189,    0
197432,20170524,  199,    0
197432,20170525,  179,    0
197432,20170526,  184,    0
197432,20170527,  189,    0
197432,20170528,  203,    0
197432,20170529,  209,    0
197432,20170530,  217,    0
197432,20170531,  204,    0
197432,20170601,  196,    0
197432,20170602,  196,    0
197432,20170603,  206,    0
197432,20170604,  205,    0
197432,20170605,  194,    0
197432,20170606,  187,    0
197432,20170607,  186,    0
197432,20170608,  171,    0
197432,20170609,  187,    0
197432,20170610,  207,    0
197432,20170611,  216,    0
197432,20170612,  233,    0
197432,20170613,  242,    0
197432,20170614,  237,    0
197432,20170615,  216,    0
197432,20170616,  238,    0
197432,20170617,  221,    0
197432,20170618,  203,    0
197432,20170619,  210,    0
197432,20170620,  228,    0
197432,20170621,  237,    0
197432,20170622,  251,    0
197432,20170623,  254,    0
197432,20170624,  258,    0
197432,20170625,  231,    0
197432,20170626,  227,    0
197432,20170627,  218,    0
197432,20170628,  209,    0
197432,20170629,  196,    0
197432,20170630,  185,    0
197432,20170701,  182,    0
197432,20170702,  186,    0
197432,20170703,  209,    0
197432,20170704,  216,    0
197432,20170705,  227,    0
197432,20170706,  234,    0
197432,20170707,  241,    0
197432,20170708,  257,    0
197432,20170709,  252,    0
197432,20170710,  236,    0
197432,20170711,  235,    0
197432,20170712,  229,    0
197432,20170713,  223,    0
197432,20170714,  196,    0
197432,20170715,  200,    0
197432,20170716,  187,    0
197432,20170717,  195,    0
197432,20170718,  215,    0
197432,20170719,  226,    0
197432,20170720,  223,    0
197432,20170721,  237,    0
197432,20170722,  231,    0
197432,20170723,  243,    0
197432,20170724,  226,    0
197432,20170725,  207,    0
197432,20170726,  211,    0
197432,20170727,  214,    0
197432,20170728,  234,    0
197432,20170729,  235,    0
197432,20170730,  244,    0
197432,20170731,  251,    0
197432,20170801,  264,    0
197432,20170802,  274,    0
197432,20170803,  282,    0
197432,20170804,  295,    0
197432,20170805,  285,    0
197432,20170806,  258,    0
197432,20170807,  236,    0
197432,20170808,  243,    0
197432,20170809,  246,    0
197432,20170810,  228,    0
197432,20170811,  179,    0
197432,20170812,  181,    0
197432,20170813,  209,    0
197432,20170814,  216,    0
197432,20170815,  230,    0
197432,20170816,  232,    0
197432,20170817,  238,    0
197432,20170818,  252,    0
197432,20170819,  245,    0
197432,20170820,  200,    0
197432,20170821,  188,    0
197432,20170822,  191,    0
197432,20170823,  213,    0
197432,20170824,  230,    0
197432,20170825,  231,    0
197432,20170826,  242,    0
197432,20170827,  247,    0
197432,20170828,  233,    0
197432,20170829,  225,    0
197432,20170830,  234,    0
197432,20170831,  232,    0
197432,20170901,  209,    0
197432,20170902,  132,    0
197432,20170903,  155,    0
197432,20170904,  156,    0
197432,20170905,  181,    0
197432,20170906,  179,    0
197432,20170907,  173,    0
197432,20170908,  176,    0
197432,20170909,  167,    0
197432,20170910,  159,    0
197432,20170911,  160,    0
197432,20170912,  143,    0
197432,20170913,  151,    0
197432,20170914,  184,    0
197432,20170915,  147,    0
197432,20170916,  154,    0
197432,20170917,  141,    0
197432,20170918,  136,    0
197432,20170919,  109,    0
197432,20170920,  127,    0
197432,20170921,  126,    0
197432,20170922,  130,    0
197432,20170923,  143,    0
197432,20170924,  141,    0
197432,20170925,  126,    0
197432,20170926,  121,    0
197432,20170927,  134,    0
197432,20170928,  144,    0
197432,20170929,  142,    0
197432,20170930,  138,    0
197432,20171001,  127,    0
197432,20171002,  144,    0
197432,20171003,  135,    0
197432,20171004,  150,    0
197432,20171005,  144,    0
197432,20171006,  140,    0
197432,20171007,  108,    0
197432,20171008,  142,    0
197432,20171009,  119,    0
197432,20171010,  122,    0
197432,20171011,  124,    0
197432,20171012,  130,    0
197432,20171013,  128,    0
197432,20171014,  131,    0
197432,20171015,  126,    0
197432,20171016,  127,    0
197432,20171017,  115,    0
197432,20171018,   97,    0
197432,20171019,  103,    0
197432,20171020,  100,    0
197432,20171021,  143,    0
197432,20171022,  140,    0
197432,20171023,   91,    0
197432,20171024,   86,    0
197432,20171025,   91,    0
197432,20171026,   93,    0
197432,20171027,  109,    0
197432,20171028,   92,    0
197432,20171029,  127,    0
197432,20171030,   87,    0
197432,20171031,   78,    0
197432,20171101,   63,    0
197432,20171102,   95,    0
197432,20171103,   95,    0
197432,20171104,   95,    0
197432,20171105,   98,    0
197432,20171106,   72,    0
197432,20171107,   67,    0
197432,20171108,   78,    0
197432,20171109,   83,    0
197432,20171110,   72,    0
197432,20171111,   53,    0
197432,20171112,   83,    0
197432,20171113,    8,    0
197432,20171114,   13,    0
197432,20171115,   17,    0
197432,20171116,   40,    0
197432,20171117,   38,    0
197432,20171118,   37,    0
197432,20171119,   36,    0
197432,20171120,   25,    0
197432,20171121,   37,    0
197432,20171122,   55,    0
197432,20171123,   67,    0
197432,20171124,   60,    0
197432,20171125,   88,    0
197432,20171126,   31,    0
197432,20171127,   -5,    0
197432,20171128,   12,    0
197432,20171129,    9,    0
197432,20171130,   15,    0
197432,20171201,    7,    0
197432,20171202,   10,    0
197432,20171203,   -9,    0
197432,20171204,   -8,    0
197432,20171205,   19,    0
197432,20171206,-9999,    9
197432,20171207,-9999,    9
197432,20171208,-9999,    9
197432,20171209,-9999,    9
197432,20171210,-9999,    9
197432,20171211,-9999,    9
197432,20171212,-9999,    9
197432,20171213,-9999,    9
197432,20171214,-9999,    9
197432,20171215,   69,    0
197432,20171216,    0,    0
197432,20171217,   -6,    0
197432,20171218,  -13,    0
197432,20171219,  -21,    0
197432,20171220,  -18,    0
197432,20171221,  -21,    0
197432,20171222,    6,    0
197432,20171223,   21,    0
197432,20171224,   22,    0
197432,20171225,   50,    0
197432,20171226,   68,    0
197432,20171227,   52,    0
197432,20171228,   15,    0
197432,20171229,    0,    0
197432,20171230,    4,    0
197432,20171231,   19,    0
197432,20180101,   29,    0
197432,20180102,   39,    0
197432,20180103,   50,    0
197432,20180104,   39,    0
197432,20180105,   42,    0
197432,20180106,   48,    0
197432,20180107,   54,    0
197432,20180108,   75,    0
197432,20180109,   86,    0
197432,20180110,   47,    0
197432,20180111,   48,    0
197432,20180112,   37,    0
197432,20180113,   23,    0
197432,20180114,   17,    0
197432,20180115,   16,    0
197432,20180116,   91,    0
197432,20180117,   62,    0
197432,20180118,   60,    0
197432,20180119,   82,    0
197432,20180120,   37,    0
197432,20180121,   47,    0
197432,20180122,    6,    0
197432,20180123,   17,    0
197432,20180124,    0,    0
197432,20180125,   41,    0
197432,20180126,   40,    0
197432,20180127,   49,    0
197432,20180128,   37,    0
197432,20180129,   38,    0
197432,20180130,   30,    0
197432,20180131,   65,    0
197432,20180201,   70,    0
197432,20180202,   29,    0
197432,20180203,    2,    0
197432,20180204,   -2,    0
197432,20180205,   12,    0
197432,20180206,    7,    0
197432,20180207,   12,    0
197432,20180208,   23,    0
197432,20180209,   21,    0
197432,20180210,    6,    0
197432,20180211,   16,    0
197432,20180212,   13,    0
197432,20180213,    3,    0
197432,20180214,    0,    0
197432,20180215,    1,    0
197432,20180216,   32,    0
197432,20180217,   35,    0
197432,20180218,   22,    0
197432,20180219,   12,    0
197432,20180220,   -3,    0
197432,20180221,    6,    0
197432,20180222,    3,    0
197432,20180223,    0,    0
197432,20180224,   19,    0
197432,20180225,  -17,    0
197432,20180226,  -75,    0
197432,20180227,  -85,    0
197432,20180228,  -64,    0
197432,20180301,  -43,    0
197432,20180302,  -16,    0
197432,20180303,    5,    0
197432,20180304,    8,    0
197432,20180305,   24,    0
197432,20180306,   33,    0
197432,20180307,   52,    0
197432,20180308,   61,    0
197432,20180309,   67,    0
197432,20180310,   64,    0
197432,20180311,   69,    0
197432,20180312,   84,    0
197432,20180313,   77,    0
197432,20180314,   82,    0
197432,20180315,   65,    0
197432,20180316,   88,    0
197432,20180317,   76,    0
197432,20180318,   39,    0
197432,20180319,   21,    0
197432,20180320,   31,    0
197432,20180321,   16,    0
197432,20180322,    9,    0
197432,20180323,   36,    0
197432,20180324,   45,    0
197432,20180325,   28,    0
197432,20180326,   59,    0
197432,20180327,   84,    0
197432,20180328,   98,    0
197432,20180329,  119,    0
197432,20180330,  132,    0
197432,20180331,   75,    0
197432,20180401,   93,    0
197432,20180402,  104,    0
197432,20180403,   97,    0
197432,20180404,   94,    0
197432,20180405,  103,    0
197432,20180406,  106,    0
197432,20180407,  110,    0
197432,20180408,  118,    0
197432,20180409,   95,    0
197432,20180410,   93,    0
197432,20180411,   80,    0
197432,20180412,  104,    0
197432,20180413,  108,    0
197432,20180414,  110,    0
197432,20180415,  108,    0
197432,20180416,  119,    0
197432,20180417,  134,    0
197432,20180418,  140,    0
197432,20180419,  137,    0
197432,20180420,  157,    0
197432,20180421,  167,    0
197432,20180422,  170,    0
197432,20180423,  178,    0
197432,20180424,  168,    0
197432,20180425,  176,    0
197432,20180426,  174,    0
197432,20180427,  148,    0
197432,20180428,  153,    0
197432,20180429,  158,    0
197432,20180430,  137,    0
197432,20180501,  121,    0
197432,20180502,  103,    0
197432,20180503,  126,    0
197432,20180504,  149,    0
197432,20180505,  145,    0
197432,20180506,  168,    0
197432,20180507,  164,    0
197432,20180508,  148,    0
197432,20180509,  137,    0
197432,20180510,  147,    0
197432,20180511,  157,    0
197432,20180512,  153,    0
197432,20180513,  145,    0
197432,20180514,  102,    0
197432,20180515,  100,    0
197432,20180516,  123,    0
197432,20180517,  116,    0
197432,20180518,  142,    0
197432,20180519,  151,    0
197432,20180520,  148,    0
197432,20180521,  136,    0
197432,20180522,  141,    0
197432,20180523,  154,    0
197432,20180524,  172,    0
197432,20180525,  190,    0
197432,20180526,  202,    0
197432,20180527,  189,    0
197432,20180528,  179,    0
197432,20180529,  195,    0
197432,20180530,  177,    0
197432,20180531,  185,    0
197432,20180601,  181,    0
197432,20180602,  191,    0
197432,20180603,  195,    0
197432,20180604,  190,    0
197432,20180605,  186,    0
197432,20180606,  195,    0
197432,20180607,  178,    0
197432,20180608,  174,    0
197432,20180609,  191,    0
197432,20180610,  211,    0
197432,20180611,  213,    0
197432,20180612,  200,    0
197432,20180613,  190,    0
197432,20180614,  170,    0
197432,20180615,  180,    0
197432,20180616,  189,    0
197432,20180617,  200,    0
197432,20180618,  202,    0
197432,20180619,  209,    0
197432,20180620,  211,    0
197432,20180621,  223,    0
197432,20180622,  211,    0
197432,20180623,  180,    0
197432,20180624,  177,    0
197432,20180625,  169,    0
197432,20180626,  171,    0
197432,20180627,  201,    0
197432,20180628,  191,    0
197432,20180629,  210,    0
197432,20180630,  225,    0
197432,20180701,  223,    0
197432,20180702,  223,    0
197432,20180703,  235,    0
197432,20180704,  228,    0
197432,20180705,  218,    0
197432,20180706,  191,    0
197432,20180707,  188,    0
197432,20180708,  212,    0
197432,20180709,  205,    0
197432,20180710,  226,    0
197432,20180711,  194,    0
197432,20180712,  189,    0
197432,20180713,  212,    0
197432,20180714,  223,    0
197432,20180715,  215,    0
197432,20180716,  190,    0
197432,20180717,  209,    0
197432,20180718,  228,    0
197432,20180719,  228,    0
197432,20180720,  226,    0
197432,20180721,  196,    0
197432,20180722,  205,    0
197432,20180723,  222,    0
197432,20180724,  210,    0
197432,20180725,  218,    0
197432,20180726,  207,    0
197432,20180727,  218,    0
197432,20180728,  224,    0
197432,20180729,  233,    0
197432,20180730,  248,    0
197432,20180731,  255,    0
197432,20180801,  236,    0
197432,20180802,  236,    0
197432,20180803,  235,    0
197432,20180804,  242,    0
197432,20180805,  250,    0
197432,20180806,  231,    0
197432,20180807,  218,    0
197432,20180808,  225,    0
197432,20180809,  236,    0
197432,20180810,  235,    0
197432,20180811,  228,    0
197432,20180812,  216,    0
197432,20180813,  205,    0
197432,20180814,  190,    0
197432,20180815,  199,    0
197432,20180816,  204,    0
197432,20180817,  213,    0
197432,20180818,  219,    0
197432,20180819,  220,    0
197432,20180820,  225,    0
197432,20180821,  228,    0
197432,20180822,  223,    0
197432,20180823,  216,    0
197432,20180824,  223,    0
197432,20180825,  208,    0
197432,20180826,  166,    0
197432,20180827,  166,    0
197432,20180828,  191,    0
197432,20180829,  204,    0
197432,20180830,  195,    0
197432,20180831,  178,    0
197432,20180901,  164,    0
197432,20180902,  156,    0
197432,20180903,  164,    0
197432,20180904,  172,    0
197432,20180905,  183,    0
197432,20180906,  190,    0
197432,20180907,  165,    0
197432,20180908,  185,    0
197432,20180909,  194,    0
197432,20180910,  204,    0
197432,20180911,  207,    0
197432,20180912,  210,    0
197432,20180913,  203,    0
197432,20180914,  202,    0
197432,20180915,  202,    0
197432,20180916,  207,    0
197432,20180917,  187,    0
197432,20180918,  181,    0
197432,20180919,  189,    0
197432,20180920,  192,    0
197432,20180921,  198,    0
197432,20180922,  201,    0
197432,20180923,  208,    0
197432,20180924,  192,    0
197432,20180925,  112,    0
197432,20180926,  103,    0
197432,20180927,  118,    0
197432,20180928,  138,    0
197432,20180929,  145,    0
197432,20180930,  133,    0
197432,20181001,  106,    0
197432,20181002,  101,    0
197432,20181003,  111,    0
197432,20181004,  120,    0
197432,20181005,  130,    0
197432,20181006,  128,    0
197432,20181007,  138,    0
197432,20181008,  140,    0
197432,20181009,  132,    0
197432,20181010,  146,    0
197432,20181011,  147,    0
197432,20181012,  151,    0
197432,20181013,  137,    0
197432,20181014,  127,    0
197432,20181015,  124,    0
197432,20181016,  133,    0
197432,20181017,  138,    0
197432,20181018,  145,    0
197432,20181019,  136,    0
197432,20181020,  130,    0
197432,20181021,  116,    0
197432,20181022,   71,    0
197432,20181023,   85,    0
197432,20181024,  166,    0
197432,20181025,  129,    0
197432,20181026,  131,    0
197432,20181027,  165,    0
197432,20181028,  133,    0
197432,20181029,  119,    0
197432,20181030,   93,    0
197432,20181031,   88,    0
197432,20181101,  101,    0
197432,20181102,   97,    0
197432,20181103,  119,    0
197432,20181104,  125,    0
197432,20181105,  120,    0
197432,20181106,  124,    0
197432,20181107,  107,    0
197432,20181108,  112,    0
197432,20181109,   97,    0
197432,20181110,   99,    0
197432,20181111,  123,    0
197432,20181112,  124,    0
197432,20181113,  109,    0
197432,20181114,   95,    0
197432,20181115,   83,    0
197432,20181116,   70,    0
197432,20181117,   47,    0
197432,20181118,   17,    0
197432,20181119,   14,    0
197432,20181120,   20,    0
197432,20181121,   41,    0
197432,20181122,   57,    0
197432,20181123,   60,    0
197432,20181124,   72,    0
197432,20181125,   62,    0
197432,20181126,   63,    0
197432,20181127,   50,    0
197432,20181128,   21,    0
197432,20181129,   13,    0
197432,20181130,    5,    0
197432,20181201,   21,    0
197432,20181202,   37,    0
197432,20181203,   58,    0
197432,20181204,   75,    0
197432,20181205,   39,    0
197432,20181206,   45,    0
197432,20181207,   71,    0
197432,20181208,   77,    0
197432,20181209,  108,    0
197432,20181210,   72,    0
197432,20181211,   10,    0
197432,20181212,  -11,    0
197432,20181213,    7,    0
197432,20181214,  -10,    0
197432,20181215,  -34,    0
197432,20181216,  -15,    0
197432,20181217,  -11,    0
197432,20181218,  -24,    0
197432,20181219,    0,    0
197432,20181220,    1,    0
197432,20181221,   37,    0
197432,20181222,   59,    0
197432,20181223,   52,    0
197432,20181224,   73,    0
197432,20181225,   17,    0
197432,20181226,    1,    0
197432,20181227,    5,    0
197432,20181228,   15,    0
197432,20181229,   24,    0
197432,20181230,   52,    0
197432,20181231,   24,    0
197432,20190101,    0,    0
197432,20190102,   18,    0
197432,20190103,  -30,    0
197432,20190104,  -27,    0
197432,20190105,   -1,    0
197432,20190106,   17,    0
197432,20190107,    1,    0
197432,20190108,   15,    0
197432,20190109,    3,    0
197432,20190110,  -22,    0
197432,20190111,  -30,    0
197432,20190112,   -5,    0
197432,20190113,   67,    0
197432,20190114,   89,    0
197432,20190115,   28,    0
197432,20190116,   67,    0
197432,20190117,   72,    0
197432,20190118,   43,    0
197432,20190119,   16,    0
197432,20190120,   16,    0
197432,20190121,   11,    0
197432,20190122,   -1,    0
197432,20190123,  -11,    0
197432,20190124,  -14,    0
197432,20190125,  -34,    0
197432,20190126,    0,    0
197432,20190127,   65,    0
197432,20190128,   12,    0
197432,20190129,   -2,    0
197432,20190130,   -8,    0
197432,20190131,  -16,    0
197432,20190201,    3,    0
197432,20190202,   22,    0
197432,20190203,   29,    0
197432,20190204,   27,    0
197432,20190205,   11,    0
197432,20190206,   16,    0
197432,20190207,   22,    0
197432,20190208,   26,    0
197432,20190209,   57,    0
197432,20190210,   93,    0
197432,20190211,   50,    0
197432,20190212,   38,    0
197432,20190213,   23,    0
197432,20190214,   34,    0
197432,20190215,   45,    0
197432,20190216,   47,    0
197432,20190217,   52,    0
197432,20190218,   51,    0
197432,20190219,   35,    0
197432,20190220,   41,    0
197432,20190221,   52,    0
197432,20190222,   69,    0
197432,20190223,   19,    0
197432,20190224,    3,    0
197432,20190225,   47,    0
197432,20190226,   80,    0
197432,20190227,   96,    0
197432,20190228,   89,    0
197432,20190301,   66,    0
197432,20190302,   73,    0
197432,20190303,   94,    0
197432,20190304,  108,    0
197432,20190305,   85,    0
197432,20190306,  106,    0
197432,20190307,  116,    0
197432,20190308,  107,    0
197432,20190309,  105,    0
197432,20190310,  124,    0
197432,20190311,   93,    0
197432,20190312,   57,    0
197432,20190313,   52,    0
197432,20190314,   67,    0
197432,20190315,  108,    0
197432,20190316,  125,    0
197432,20190317,  102,    0
197432,20190318,   84,    0
197432,20190319,   40,    0
197432,20190320,   33,    0
197432,20190321,   39,    0
197432,20190322,   71,    0
197432,20190323,   97,    0
197432,20190324,  118,    0
197432,20190325,  123,    0
197432,20190326,   47,    0
197432,20190327,   40,    0
197432,20190328,   47,    0
197432,20190329,   58,    0
197432,20190330,   85,    0
197432,20190331,   99,    0
197432,20190401,  107,    0
197432,20190402,  123,    0
197432,20190403,  107,    0
197432,20190404,   77,    0
197432,20190405,   67,    0
197432,20190406,   97,    0
197432,20190407,   88,    0
197432,20190408,   84,    0
197432,20190409,   92,    0
197432,20190410,   80,    0
197432,20190411,   87,    0
197432,20190412,   92,    0
197432,20190413,   88,    0
197432,20190414,   56,    0
197432,20190415,   79,    0
197432,20190416,   96,    0
197432,20190417,  115,    0
197432,20190418,  111,    0
197432,20190419,  104,    0
197432,20190420,  118,    0
197432,20190421,  126,    0
197432,20190422,  116,    0
197432,20190423,  116,    0
197432,20190424,  135,    0
197432,20190425,  128,    0
197432,20190426,  122,    0
197432,20190427,  122,    0
197432,20190428,   97,    0
197432,20190429,   55,    0
197432,20190430,  118,    0
197432,20190501,  120,    0
197432,20190502,  122,    0
197432,20190503,  127,    0
197432,20190504,  113,    0
197432,20190505,   34,    0
197432,20190506,   63,    0
197432,20190507,   92,    0
197432,20190508,  106,    0
197432,20190509,  121,    0
197432,20190510,  130,    0
197432,20190511,  120,    0
197432,20190512,   82,    0
197432,20190513,   92,    0
197432,20190514,  104,    0
197432,20190515,   48,    0
197432,20190516,  100,    0
197432,20190517,  117,    0
197432,20190518,  104,    0
197432,20190519,  114,    0
197432,20190520,  123,    0
197432,20190521,  146,    0
197432,20190522,  130,    0
197432,20190523,  149,    0
197432,20190524,  146,    0
197432,20190525,  152,    0
197432,20190526,  138,    0
197432,20190527,  128,    0
197432,20190528,  141,    0
197432,20190529,  110,    0
197432,20190530,  144,    0
197432,20190531,-9999,    9
197432,20190601,-9999,    9
197432,20190602,-9999,    9
197432,20190603,-9999,    9
197432,20190604,-9999,    9
197432,20190605,-9999,    9
197432,20190606,-9999,    9
197432,20190607,-9999,    9
197432,20190608,-9999,    9
197432,20190609,-9999,    9
197432,20190610,-9999,    9
197432,20190611,-9999,    9
197432,20190612,-9999,    9
197432,20190613,-9999,    9
197432,20190614,-9999,    9
197432,20190615,-9999,    9
197432,20190616,-9999,    9
197432,20190617,-9999,    9
197432,20190618,-9999,    9
197432,20190619,-9999,    9
197432,20190620,-9999,    9
197432,20190621,-9999,    9
197432,20190622,-9999,    9
197432,20190623,-9999,    9
197432,20190624,-9999,    9
197432,20190625,-9999,    9
197432,20190626,-9999,    9
197432,20190627,-9999,    9
197432,20190628,-9999,    9
197432,20190629,-9999,    9
197432,20190630,-9999,    9
197432,20190701,-9999,    9
197432,20190702,-9999,    9
197432,20190703,-9999,    9
197432,20190704,-9999,    9
197432,20190705,-9999,    9
197432,20190706,-9999,    9
197432,20190707,-9999,    9
197432,20190708,-9999,    9
197432,20190709,-9999,    9
197432,20190710,-9999,    9
197432,20190711,-9999,    9
197432,20190712,-9999,    9
197432,20190713,-9999,    9
197432,20190714,-9999,    9
197432,20190715,-9999,    9
197432,20190716,-9999,    9
197432,20190717,-9999,    9
197432,20190718,-9999,    9
197432,20190719,-9999,    9
197432,20190720,-9999,    9
197432,20190721,-9999,    9
197432,20190722,-9999,    9
197432,20190723,-9999,    9
197432,20190724,-9999,    9
197432,20190725,-9999,    9
197432,20190726,-9999,    9
197432,20190727,-9999,    9
197432,20190728,-9999,    9
197432,20190729,-9999,    9
197432,20190730,-9999,    9
197432,20190731,-9999,    9
197432,20190801,-9999,    9
197432,20190802,-9999,    9
197432,20190803,-9999,    9
197432,20190804,-9999,    9
197432,20190805,-9999,    9
197432,20190806,-9999,    9
197432,20190807,-9999,    9
197432,20190808,-9999,    9
197432,20190809,-9999,    9
197432,20190810,-9999,    9
197432,20190811,-9999,    9
197432,20190812,-9999,    9
197432,20190813,-9999,    9
197432,20190814,-9999,    9
197432,20190815,-9999,    9
197432,20190816,-9999,    9
197432,20190817,-9999,    9
197432,20190818,-9999,    9
197432,20190819,-9999,    9
197432,20190820,-9999,    9
197432,20190821,-9999,    9
197432,20190822,-9999,    9
197432,20190823,-9999,    9
197432,20190824,-9999,    9
197432,20190825,-9999,    9
197432,20190826,-9999,    9
197432,20190827,-9999,    9
197432,20190828,-9999,    9
197432,20190829,-9999,    9
197432,20190830,-9999,    9
197432,20190831,-9999,    9
197432,20190901,-9999,    9
197432,20190902,-9999,    9
197432,20190903,-9999,    9
197432,20190904,-9999,    9
197432,20190905,-9999,    9
197432,20190906,-9999,    9
197432,20190907,-9999,    9
197432,20190908,-9999,    9
197432,20190909,-9999,    9
197432,20190910,-9999,    9
197432,20190911,-9999,    9
197432,20190912,-9999,    9
197432,20190913,-9999,    9
197432,20190914,-9999,    9
197432,20190915,-9999,    9
197432,20190916,-9999,    9
197432,20190917,-9999,    9
197432,20190918,-9999,    9
197432,20190919,-9999,    9
197432,20190920,-9999,    9
197432,20190921,-9999,    9
197432,20190922,-9999,    9
197432,20190923,-9999,    9
197432,20190924,-9999,    9
197432,20190925,-9999,    9
197432,20190926,-9999,    9
197432,20190927,-9999,    9
197432,20190928,-9999,    9
197432,20190929,-9999,    9
197432,20190930,-9999,    9
197432,20191001,-9999,    9
197432,20191002,-9999,    9
197432,20191003,-9999,    9
197432,20191004,-9999,    9
197432,20191005,-9999,    9
197432,20191006,-9999,    9
197432,20191007,-9999,    9
197432,20191008,-9999,    9
197432,20191009,-9999,    9
197432,20191010,-9999,    9
197432,20191011,-9999,    9
197432,20191012,-9999,    9
197432,20191013,-9999,    9
197432,20191014,-9999,    9
197432,20191015,-9999,    9
197432,20191016,-9999,    9
197432,20191017,-9999,    9
197432,20191018,-9999,    9
197432,20191019,-9999,    9
197432,20191020,-9999,    9
197432,20191021,-9999,    9
197432,20191022,-9999,    9
197432,20191023,-9999,    9
197432,20191024,-9999,    9
197432,20191025,-9999,    9
197432,20191026,-9999,    9
197432,20191027,-9999,    9
197432,20191028,-9999,    9
197432,20191029,-9999,    9
197432,20191030,-9999,    9
197432,20191031,-9999,    9
197432,20191101,-9999,    9
197432,20191102,-9999,    9
197432,20191103,-9999,    9
197432,20191104,-9999,    9
197432,20191105,-9999,    9
197432,20191106,-9999,    9
197432,20191107,-9999,    9
197432,20191108,-9999,    9
197432,20191109,-9999,    9
197432,20191110,-9999,    9
197432,20191111,-9999,    9
197432,20191112,-9999,    9
197432,20191113,-9999,    9
197432,20191114,-9999,    9
197432,20191115,-9999,    9
197432,20191116,-9999,    9
197432,20191117,-9999,    9
197432,20191118,-9999,    9
197432,20191119,-9999,    9
197432,20191120,-9999,    9
197432,20191121,-9999,    9
197432,20191122,-9999,    9
197432,20191123,-9999,    9
197432,20191124,-9999,    9
197432,20191125,-9999,    9
197432,20191126,-9999,    9
197432,20191127,-9999,    9
197432,20191128,-9999,    9
197432,20191129,-9999,    9
197432,20191130,-9999,    9
197432,20191201,-9999,    9
197432,20191202,-9999,    9
197432,20191203,-9999,    9
197432,20191204,-9999,    9
197432,20191205,-9999,    9
197432,20191206,-9999,    9
197432,20191207,-9999,    9
197432,20191208,-9999,    9
197432,20191209,-9999,    9
197432,20191210,-9999,    9
197432,20191211,-9999,    9
197432,20191212,-9999,    9
197432,20191213,-9999,    9
197432,20191214,-9999,    9
197432,20191215,-9999,    9
197432,20191216,-9999,    9
197432,20191217,-9999,    9
197432,20191218,-9999,    9
197432,20191219,-9999,    9
197432,20191220,-9999,    9
197432,20191221,-9999,    9
197432,20191222,-9999,    9
197432,20191223,-9999,    9
197432,20191224,-9999,    9
197432,20191225,-9999,    9
197432,20191226,-9999,    9
197432,20191227,-9999,    9
197432,20191228,-9999,    9
197432,20191229,-9999,    9
197432,20191230,-9999,    9
197432,20191231,    8,    0
197432,20200101,   15,    0
197432,20200102,    5,    0
197432,20200103,   27,    0
197432,20200104,   31,    0
197432,20200105,   25,    0
197432,20200106,   -3,    0
197432,20200107,   -9,    0
197432,20200108,    4,    0
197432,20200109,   21,    0
197432,20200110,   70,    0
197432,20200111,   28,    0
197432,20200112,   10,    0
197432,20200113,   -1,    0
197432,20200114,   26,    0
197432,20200115,   40,    0
197432,20200116,   34,    0
197432,20200117,   41,    0
197432,20200118,   42,    0
197432,20200119,   32,    0
197432,20200120,   12,    0
197432,20200121,    3,    0
197432,20200122,   18,    0
197432,20200123,   11,    0
197432,20200124,   24,    0
197432,20200125,   32,    0
197432,20200126,   41,    0
197432,20200127,   61,    0
197432,20200128,   92,    0
197432,20200129,   79,    0
197432,20200130,   64,    0
197432,20200131,-9999,    9
197432,20200201,-9999,    9
197432,20200202,-9999,    9
197432,20200203,-9999,    9
197432,20200204,-9999,    9
197432,20200205,-9999,    9
197432,20200206,-9999,    9
197432,20200207,-9999,    9
197432,20200208,-9999,    9
197432,20200209,-9999,    9
197432,20200210,-9999,    9
197432,20200211,-9999,    9
197432,20200212,-9999,    9
197432,20200213,-9999,    9
197432,20200214,-9999,    9
197432,20200215,-9999,    9
197432,20200216,-9999,    9
197432,20200217,-9999,    9
197432,20200218,-9999,    9
197432,20200219,-9999,    9
197432,20200220,-9999,    9
197432,20200221,-9999,    9
197432,20200222,-9999,    9
197432,20200223,-9999,    9
197432,20200224,-9999,    9
197432,20200225,-9999,    9
197432,20200226,-9999,    9
197432,20200227,-9999,    9
197432,20200228,-9999,    9
197432,20200229,-9999,    9
197432,20200301,-9999,    9
197432,20200302,-9999,    9
197432,20200303,-9999,    9
197432,20200304,-9999,    9
197432,20200305,-9999,    9
197432,20200306,-9999,    9
197432,20200307,-9999,    9
197432,20200308,-9999,    9
197432,20200309,-9999,    9
197432,20200310,-9999,    9
197432,20200311,-9999,    9
197432,20200312,-9999,    9
197432,20200313,-9999,    9
197432,20200314,-9999,    9
197432,20200315,-9999,    9
197432,20200316,-9999,    9
197432,20200317,-9999,    9
197432,20200318,-9999,    9
197432,20200319,-9999,    9
197432,20200320,-9999,    9
197432,20200321,-9999,    9
197432,20200322,-9999,    9
197432,20200323,-9999,    9
197432,20200324,-9999,    9
197432,20200325,-9999,    9
197432,20200326,-9999,    9
197432,20200327,-9999,    9
197432,20200328,-9999,    9
197432,20200329,-9999,    9
197432,20200330,-9999,    9
197432,20200331,-9999,    9
197432,20200401,-9999,    9
197432,20200402,-9999,    9
197432,20200403,-9999,    9
197432,20200404,-9999,    9
197432,20200405,-9999,    9
197432,20200406,-9999,    9
197432,20200407,-9999,    9
197432,20200408,-9999,    9
197432,20200409,-9999,    9
197432,20200410,-9999,    9
197432,20200411,-9999,    9
197432,20200412,-9999,    9
197432,20200413,-9999,    9
197432,20200414,-9999,    9
197432,20200415,-9999,    9
197432,20200416,-9999,    9
197432,20200417,-9999,    9
197432,20200418,-9999,    9
197432,20200419,-9999,    9
197432,20200420,-9999,    9
197432,20200421,-9999,    9
197432,20200422,-9999,    9
197432,20200423,-9999,    9
197432,20200424,-9999,    9
197432,20200425,-9999,    9
197432,20200426,-9999,    9
197432,20200427,-9999,    9
197432,20200428,-9999,    9
197432,20200429,-9999,    9
197432,20200430,  132,    0
197432,20200501,  139,    0
197432,20200502,  154,    0
197432,20200503,  140,    0
197432,20200504,  148,    0
197432,20200505,  155,    0
197432,20200506,  142,    0
197432,20200507,  144,    0
197432,20200508,  161,    0
197432,20200509,  167,    0
197432,20200510,  176,    0
197432,20200511,  134,    0
197432,20200512,  153,    0
197432,20200513,  137,    0
197432,20200514,  150,    0
197432,20200515,  149,    0
197432,20200516,  140,    0
197432,20200517,  168,    0
197432,20200518,  180,    0
197432,20200519,  143,    0
197432,20200520,  161,    0
197432,20200521,  173,    0
197432,20200522,  186,    0
197432,20200523,  180,    0
197432,20200524,  173,    0
197432,20200525,  168,    0
197432,20200526,  167,    0
197432,20200527,  155,    0
197432,20200528,  155,    0
197432,20200529,  123,    0
197432,20200530,  135,    0
197432,20200531,  140,    0
197432,20200601,  170,    0
197432,20200602,  178,    0
197432,20200603,  169,    0
197432,20200604,  154,    0
197432,20200605,  163,    0
197432,20200606,  179,    0
197432,20200607,  178,    0
197432,20200608,  164,    0
197432,20200609,  156,    0
197432,20200610,  145,    0
197432,20200611,  138,    0
197432,20200612,  163,    0
197432,20200613,  168,    0
197432,20200614,  172,    0
197432,20200615,  167,    0
197432,20200616,  179,    0
197432,20200617,  168,    0
197432,20200618,  179,    0
197432,20200619,  172,    0
197432,20200620,  178,    0
197432,20200621,  197,    0
197432,20200622,  205,    0
197432,20200623,  215,    0
197432,20200624,  206,    0
197432,20200625,  203,    0
197432,20200626,  204,    0
197432,20200627,  215,    0
197432,20200628,  232,    0
197432,20200629,  240,    0
197432,20200630,  228,    0
197432,20200701,  230,    0
197432,20200702,  232,    0
197432,20200703,  203,    0
197432,20200704,  202,    0
197432,20200705,  218,    0
197432,20200706,  230,    0
197432,20200707,  182,    0
197432,20200708,  189,    0
197432,20200709,  217,    0
197432,20200710,  237,    0
197432,20200711,  231,    0
197432,20200712,  203,    0
197432,20200713,  179,    0
197432,20200714,  184,    0
197432,20200715,  175,    0
197432,20200716,  189,    0
197432,20200717,  198,    0
197432,20200718,  198,    0
197432,20200719,  203,    0
197432,20200720,  219,    0
197432,20200721,  230,    0
197432,20200722,  237,    0
197432,20200723,  215,    0
197432,20200724,  163,    0
197432,20200725,  192,    0
197432,20200726,  209,    0
197432,20200727,  223,    0
197432,20200728,  249,    0
197432,20200729,  252,    0
197432,20200730,  256,    0
197432,20200731,  235,    0
197432,20200801,  261,    0
197432,20200802,  248,    0
197432,20200803,  182,    0
197432,20200804,  163,    0
197432,20200805,  178,    0
197432,20200806,  199,    0
197432,20200807,  214,    0
197432,20200808,  225,    0
197432,20200809,  232,    0
197432,20200810,  234,    0
197432,20200811,  233,    0
197432,20200812,  236,    0
197432,20200813,  221,    0
197432,20200814,  224,    0
197432,20200815,  219,    0
197432,20200816,  214,    0
197432,20200817,  197,    0
197432,20200818,  196,    0
197432,20200819,  209,    0
197432,20200820,  223,    0
197432,20200821,  241,    0
197432,20200822,  228,    0
197432,20200823,  225,    0
197432,20200824,  205,    0
197432,20200825,  208,    0
197432,20200826,  208,    0
197432,20200827,  219,    0
197432,20200828,  226,    0
197432,20200829,  224,    0
197432,20200830,  192,    0
197432,20200831,  148,    0
197432,20200901,  165,    0
197432,20200902,  151,    0
197432,20200903,  167,    0
197432,20200904,  188,    0
197432,20200905,  199,    0
197432,20200906,  188,    0
197432,20200907,  187,    0
197432,20200908,  182,    0
197432,20200909,  190,    0
197432,20200910,  194,    0
197432,20200911,  197,    0
197432,20200912,  195,    0
197432,20200913,  196,    0
197432,20200914,  194,    0
197432,20200915,  187,    0
197432,20200916,  193,    0
197432,20200917,  194,    0
197432,20200918,  187,    0
197432,20200919,  175,    0
197432,20200920,  168,    0
197432,20200921,  161,    0
197432,20200922,  161,    0
197432,20200923,  162,    0
197432,20200924,  173,    0
197432,20200925,  132,    0
197432,20200926,  107,    0
197432,20200927,   95,    0
197432,20200928,  109,    0
197432,20200929,  126,    0
197432,20200930,  137,    0
197432,20201001,  140,    0
197432,20201002,  159,    0
197432,20201003,  144,    0
197432,20201004,  128,    0
197432,20201005,  136,    0
197432,20201006,  142,    0
197432,20201007,  138,    0
197432,20201008,  117,    0
197432,20201009,  120,    0
197432,20201010,  128,    0
197432,20201011,   91,    0
197432,20201012,   75,    0
197432,20201013,   70,    0
197432,20201014,   86,    0
197432,20201015,   83,    0
197432,20201016,   86,    0
197432,20201017,   78,    0
197432,20201018,   87,    0
197432,20201019,   87,    0
197432,20201020,   82,    0
197432,20201021,   94,    0
197432,20201022,   99,    0
197432,20201023,  123,    0
197432,20201024,  109,    0
197432,20201025,  117,    0
197432,20201026,  143,    0
197432,20201027,   89,    0
197432,20201028,   75,    0
197432,20201029,   85,    0
197432,20201030,  101,    0
197432,20201031,-9999,    9
197432,20201101,-9999,    9
197432,20201102,-9999,    9
197432,20201103,-9999,    9
197432,20201104,-9999,    9
197432,20201105,-9999,    9
197432,20201106,-9999,    9
197432,20201107,-9999,    9
197432,20201108,-9999,    9
197432,20201109,-9999,    9
197432,20201110,-9999,    9
197432,20201111,-9999,    9
197432,20201112,-9999,    9
197432,20201113,-9999,    9
197432,20201114,-9999,    9
197432,20201115,-9999,    9
197432,20201116,-9999,    9
197432,20201117,-9999,    9
197432,20201118,-9999,    9
197432,20201119,-9999,    9
197432,20201120,-9999,    9
197432,20201121,-9999,    9
197432,20201122,-9999,    9
197432,20201123,-9999,    9
197432,20201124,-9999,    9
197432,20201125,-9999,    9
197432,20201126,-9999,    9
197432,20201127,-9999,    9
197432,20201128,-9999,    9
197432,20201129,-9999,    9
197432,20201130,-9999,    9
197432,20201201,-9999,    9
197432,20201202,-9999,    9
197432,20201203,-9999,    9
197432,20201204,-9999,    9
197432,20201205,-9999,    9
197432,20201206,-9999,    9
197432,20201207,-9999,    9
197432,20201208,-9999,    9
197432,20201209,-9999,    9
197432,20201210,-9999,    9
197432,20201211,-9999,    9
197432,20201212,-9999,    9
197432,20201213,-9999,    9
197432,20201214,-9999,    9
197432,20201215,-9999,    9
197432,20201216,-9999,    9
197432,20201217,-9999,    9
197432,20201218,-9999,    9
197432,20201219,-9999,    9
197432,20201220,-9999,    9
197432,20201221,-9999,    9
197432,20201222,-9999,    9
197432,20201223,-9999,    9
197432,20201224,-9999,    9
197432,20201225,-9999,    9
197432,20201226,-9999,    9
197432,20201227,-9999,    9
197432,20201228,-9999,    9
197432,20201229,-9999,    9
197432,20201230,-9999,    9
197432,20201231,   12,    0
197432,20210101,    4,    0
197432,20210102,    9,    0
197432,20210103,   23,    0
197432,20210104,   23,    0
197432,20210105,    0,    0
197432,20210106,   15,    0
197432,20210107,    8,    0
197432,20210108,    2,    0
197432,20210109,   -4,    0
197432,20210110,  -10,    0
197432,20210111,  -51,    0
197432,20210112,  -30,    0
197432,20210113,   21,    0
197432,20210114,   46,    0
197432,20210115,   16,    0
197432,20210116,   -4,    0
197432,20210117,    3,    0
197432,20210118,  -11,    0
197432,20210119,   21,    0
197432,20210120,   21,    0
197432,20210121,   18,    0
197432,20210122,   66,    0
197432,20210123,   62,    0
197432,20210124,   38,    0
197432,20210125,   28,    0
197432,20210126,-9999,    9
197432,20210127,-9999,    9
197432,20210128,    5,    0
197432,20210129,   67,    0
197432,20210130,   57,    0
197432,20210131,   44,    0
197432,20210201,   44,    0
197432,20210202,   47,    0
197432,20210203,   84,    0
197432,20210204,  103,    0
197432,20210205,   66,    0
197432,20210206,   68,    0
197432,20210207,   84,    0
197432,20210208,   74,    0
197432,20210209,   77,    0
197432,20210210,   66,    0
197432,20210211,   50,    0
197432,20210212,    5,    0
197432,20210213,  -44,    0
197432,20210214,  -59,    0
197432,20210215,  -18,    0
197432,20210216,   17,    0
197432,20210217,   47,    0
197432,20210218,   61,    0
197432,20210219,   78,    0
197432,20210220,   84,    0
197432,20210221,   61,    0
197432,20210222,   76,    0
197432,20210223,   71,    0
197432,20210224,   89,    0
197432,20210225,   92,    0
197432,20210226,   88,    0
197432,20210227,   75,    0
197432,20210228,   39,    0
197432,20210301,   36,    0
197432,20210302,   52,    0
197432,20210303,   62,    0
197432,20210304,   62,    0
197432,20210305,   88,    0
197432,20210306,   41,    0
197432,20210307,   32,    0
197432,20210308,   41,    0
197432,20210309,   47,    0
197432,20210310,   52,    0
197432,20210311,   77,    0
197432,20210312,  106,    0
197432,20210313,   77,    0
197432,20210314,   84,    0
197432,20210315,   62,    0
197432,20210316,   54,    0
197432,20210317,   44,    0
197432,20210318,   22,    0
197432,20210319,   10,    0
197432,20210320,    6,    0
197432,20210321,   16,    0
197432,20210322,   32,    0
197432,20210323,   41,    0
197432,20210324,   66,    0
197432,20210325,   87,    0
197432,20210326,   91,    0
197432,20210327,  101,    0
197432,20210328,   90,    0
197432,20210329,  115,    0
197432,20210330,  129,    0
197432,20210331,  137,    0
197432,20210401,  148,    0
197432,20210402,  145,    0
197432,20210403,  112,    0
197432,20210404,   64,    0
197432,20210405,   88,    0
197432,20210406,   61,    0
197432,20210407,   22,    0
197432,20210408,   52,    0
197432,20210409,   72,    0
197432,20210410,   65,    0
197432,20210411,   75,    0
197432,20210412,   88,    0
197432,20210413,   47,    0
197432,20210414,   55,    0
197432,20210415,   54,    0
197432,20210416,   53,    0
197432,20210417,   49,    0
197432,20210418,   62,    0
197432,20210419,   75,    0
197432,20210420,   81,    0
197432,20210421,   98,    0
197432,20210422,  102,    0
197432,20210423,  108,    0
197432,20210424,  122,    0
197432,20210425,  140,    0
197432,20210426,  110,    0
197432,20210427,   93,    0
197432,20210428,  110,    0
197432,20210429,  134,    0
197432,20210430,  148,    0
197432,20210501,  132,    0
197432,20210502,  126,    0
197432,20210503,  113,    0
197432,20210504,  119,    0
197432,20210505,  131,    0
197432,20210506,  134,    0
197432,20210507,  144,    0
197432,20210508,  125,    0
197432,20210509,  149,    0
197432,20210510,  169,    0
197432,20210511,  130,    0
197432,20210512,  128,    0
197432,20210513,  130,    0
197432,20210514,  100,    0
197432,20210515,  119,    0
197432,20210516,  154,    0
197432,20210517,  148,    0
197432,20210518,  137,    0
197432,20210519,  133,    0
197432,20210520,  129,    0
197432,20210521,  144,    0
197432,20210522,  158,    0
197432,20210523,  170,    0
197432,20210524,  112,    0
197432,20210525,  150,    0
197432,20210526,  141,    0
197432,20210527,  160,    0
197432,20210528,  162,    0
197432,20210529,  165,    0
197432,20210530,  152,    0
197432,20210531,  137,    0
197432,20210601,  152,    0
197432,20210602,  169,    0
197432,20210603,  182,    0
197432,20210604,  197,    0
197432,20210605,  194,    0
197432,20210606,  173,    0
197432,20210607,  165,    0
197432,20210608,  164,    0
197432,20210609,  188,    0
197432,20210610,  178,    0
197432,20210611,  181,    0
197432,20210612,  207,    0
197432,20210613,  225,    0
197432,20210614,  217,    0
197432,20210615,  217,    0
197432,20210616,  213,    0
197432,20210617,  225,    0
197432,20210618,  222,    0
197432,20210619,  213,    0
197432,20210620,  234,    0
197432,20210621,  236,    0
197432,20210622,  227,    0
197432,20210623,  207,    0
197432,20210624,  211,    0
197432,20210625,  196,    0
197432,20210626,  208,    0
197432,20210627,  222,    0
197432,20210628,  234,    0
197432,20210629,  224,    0
197432,20210630,  200,    0
197432,20210701,  208,    0
197432,20210702,  209,    0
197432,20210703,  228,    0
197432,20210704,  191,    0
197432,20210705,  213,    0
197432,20210706,  227,    0
197432,20210707,  238,    0
197432,20210708,  217,    0
197432,20210709,  212,    0
197432,20210710,  220,    0
197432,20210711,  221,    0
197432,20210712,  225,    0
197432,20210713,  203,    0
197432,20210714,  173,    0
197432,20210715,  196,    0
197432,20210716,  173,    0
197432,20210717,  197,    0
197432,20210718,  226,    0
197432,20210719,  227,    0
197432,20210720,  235,    0
197432,20210721,  240,    0
197432,20210722,  228,    0
197432,20210723,  237,    0
197432,20210724,  240,    0
197432,20210725,  226,    0
197432,20210726,  231,    0
197432,20210727,  227,    0
197432,20210728,  222,    0
197432,20210729,  227,    0
197432,20210730,  246,    0
197432,20210731,  249,    0
197432,20210801,  210,    0
197432,20210802,  199,    0
197432,20210803,  199,    0
197432,20210804,  223,    0
197432,20210805,  211,    0
197432,20210806,  220,    0
197432,20210807,  239,    0
197432,20210808,  244,    0
197432,20210809,  235,    0
197432,20210810,  223,    0
197432,20210811,  246,    0
197432,20210812,  252,    0
197432,20210813,  259,    0
197432,20210814,  261,    0
197432,20210815,  259,    0
197432,20210816,  247,    0
197432,20210817,  219,    0
197432,20210818,  203,    0
197432,20210819,  203,    0
197432,20210820,  213,    0
197432,20210821,  223,    0
197432,20210822,  231,    0
197432,20210823,  195,    0
197432,20210824,  197,    0
197432,20210825,  188,    0
197432,20210826,  207,    0
197432,20210827,  179,    0
197432,20210828,  160,    0
197432,20210829,  162,    0
197432,20210830,  167,    0
197432,20210831,  166,    0
197432,20210901,  181,    0
197432,20210902,  184,    0
197432,20210903,  170,    0
197432,20210904,  175,    0
197432,20210905,  183,    0
197432,20210906,  180,    0
197432,20210907,  183,    0
197432,20210908,  181,    0
197432,20210909,  178,    0
197432,20210910,  179,    0
197432,20210911,  186,    0
197432,20210912,  190,    0
197432,20210913,  194,    0
197432,20210914,  192,    0
197432,20210915,  205,    0
197432,20210916,  187,    0
197432,20210917,  186,    0
197432,20210918,  179,    0
197432,20210919,  162,    0
197432,20210920,  147,    0
197432,20210921,  151,    0
197432,20210922,  144,    0
197432,20210923,  141,    0
197432,20210924,  154,    0
197432,20210925,  175,    0
197432,20210926,  142,    0
197432,20210927,  143,    0
197432,20210928,  164,    0
197432,20210929,  163,    0
197432,20210930,  155,    0
197432,20211001,  147,    0
197432,20211002,  142,    0
197432,20211003,  150,    0
197432,20211004,  164,    0
197432,20211005,  157,    0
197432,20211006,  125,    0
197432,20211007,  115,    0
197432,20211008,  116,    0
197432,20211009,   94,    0
197432,20211010,   73,    0
197432,20211011,   90,    0
197432,20211012,  101,    0
197432,20211013,   84,    0
197432,20211014,   62,    0
197432,20211015,   68,    0
197432,20211016,   80,    0
197432,20211017,   86,    0
197432,20211018,   89,    0
197432,20211019,   98,    0
197432,20211020,  119,    0
197432,20211021,  150,    0
197432,20211022,  111,    0
197432,20211023,  102,    0
197432,20211024,  104,    0
197432,20211025,   72,    0
197432,20211026,   82,    0
197432,20211027,   86,    0
197432,20211028,   73,    0
197432,20211029,   77,    0
197432,20211030,   80,    0
197432,20211031,   91,    0
197432,20211101,   88,    0
197432,20211102,  107,    0
197432,20211103,   99,    0
197432,20211104,   89,    0
197432,20211105,   49,    0
197432,20211106,   59,    0
197432,20211107,   75,    0
197432,20211108,   62,    0
197432,20211109,   73,    0
197432,20211110,   89,    0
197432,20211111,   91,    0
197432,20211112,   84,    0
197432,20211113,   80,    0
197432,20211114,   93,    0
197432,20211115,   93,    0
197432,20211116,   78,    0
197432,20211117,   87,    0
197432,20211118,   90,    0
197432,20211119,   58,    0
197432,20211120,   54,    0
197432,20211121,   66,    0
197432,20211122,   64,    0
197432,20211123,   61,    0
197432,20211124,   25,    0
197432,20211125,   22,    0
197432,20211126,   56,    0
197432,20211127,   70,    0
197432,20211128,   31,    0
197432,20211129,   -9,    0
197432,20211130,   36,    0
197432,20211201,   85,    0
197432,20211202,   41,    0
197432,20211203,   22,    0
197432,20211204,   16,    0
197432,20211205,   13,    0
197432,20211206,   -3,    0
197432,20211207,    0,    0
197432,20211208,    2,    0
197432,20211209,    1,    0
197432,20211210,   -7,    0
197432,20211211,   -5,    0
197432,20211212,  -11,    0
197432,20211213,    5,    0
197432,20211214,   10,    0
197432,20211215,    4,    0
197432,20211216,    4,    0
197432,20211217,    8,    0
197432,20211218,    0,    0
197432,20211219,    3,    0
197432,20211220,   26,    0
197432,20211221,   18,    0
197432,20211222,   25,    0
197432,20211223,    8,    0
197432,20211224,   78,    0
197432,20211225,   42,    0
197432,20211226,   46,    0
197432,20211227,   51,    0
197432,20211228,   55,    0
197432,20211229,   54,    0
197432,20211230,   45,    0
197432,20211231,   54,    0
197432,20220101,   39,    0
197432,20220102,   37,    0
197432,20220103,   51,    0
197432,20220104,  103,    0
197432,20220105,   74,    0
197432,20220106,   15,    0
197432,20220107,    0,    0
197432,20220108,   -6,    0
197432,20220109,   -4,    0
197432,20220110,   -9,    0
197432,20220111,  -14,    0
197432,20220112,  -25,    0
197432,20220113,  -16,    0
197432,20220114,   14,    0
197432,20220115,   28,    0
197432,20220116,   15,    0
197432,20220117,   24,    0
197432,20220118,   15,    0
197432,20220119,    1,    0
197432,20220120,   15,    0
197432,20220121,  -16,    0
197432,20220122,    1,    0
197432,20220123,    3,    0
197432,20220124,    5,    0
197432,20220125,   -4,    0
197432,20220126,   -4,    0
197432,20220127,   10,    0
197432,20220128,   37,    0
197432,20220129,   25,    0
197432,20220130,   65,    0
197432,20220131,-9999,    9
197432,20220201,-9999,    9
197432,20220202,-9999,    9
197432,20220203,-9999,    9
197432,20220204,-9999,    9
197432,20220205,-9999,    9
197432,20220206,-9999,    9
197432,20220207,-9999,    9
197432,20220208,-9999,    9
197432,20220209,-9999,    9
197432,20220210,-9999,    9
197432,20220211,-9999,    9
197432,20220212,-9999,    9
197432,20220213,-9999,    9
197432,20220214,-9999,    9
197432,20220215,-9999,    9
197432,20220216,-9999,    9
197432,20220217,-9999,    9
197432,20220218,-9999,    9
197432,20220219,-9999,    9
197432,20220220,-9999,    9
197432,20220221,-9999,    9
197432,20220222,-9999,    9
197432,20220223,-9999,    9
197432,20220224,-9999,    9
197432,20220225,-9999,    9
197432,20220226,-9999,    9
197432,20220227,-9999,    9
197432,20220228,-9999,    9
