EUROPEAN CLIMATE ASSESSMENT & DATASET (ECA&D), file created on 08-04-2022
THESE DATA CAN BE USED FREELY PROVIDED THAT THE FOLLOWING SOURCE IS ACKNOWLEDGED:

Klein Tank, A.M.G. and Coauthors, 2002. Daily dataset of 20th-century surface
air temperature and precipitation series for the European Climate Assessment.
Int. J. of Climatol., 22, 1441-1453.
Data and metadata available at http://www.ecad.eu

FILE FORMAT (MISSING VALUE CODE IS -9999):

01-06 SOUID: Source identifier
08-15 DATE : Date YYYYMMDD
17-21 TG   : mean temperature in 0.1 &#176;C
23-27 Q_TG : Quality code for TG (0='valid'; 1='suspect'; 9='missing')

This is the blended series of station ITALY, POMPOSA-VOLANO (STAID: 17730).
Blended and updated with sources: 196600 
See file sources.txt and stations.txt for more info.

 SOUID,    DATE,   TG, Q_TG
196600,20130301,-9999,    9
196600,20130302,-9999,    9
196600,20130303,-9999,    9
196600,20130304,   73,    1
196600,20130305,   67,    1
196600,20130306,   94,    1
196600,20130307,   99,    1
196600,20130308,   98,    1
196600,20130309,  111,    1
196600,20130310,  109,    1
196600,20130311,  102,    1
196600,20130312,  100,    1
196600,20130313,   94,    1
196600,20130314,   74,    1
196600,20130315,   46,    1
196600,20130316,   55,    1
196600,20130317,   78,    1
196600,20130318,   65,    1
196600,20130319,   85,    1
196600,20130320,   78,    1
196600,20130321,   97,    1
196600,20130322,   79,    1
196600,20130323,  108,    1
196600,20130324,   78,    1
196600,20130325,   40,    1
196600,20130326,   46,    1
196600,20130327,   59,    1
196600,20130328,   79,    1
196600,20130329,   81,    1
196600,20130330,   87,    1
196600,20130331,   93,    1
196600,20130401,   91,    1
196600,20130402,   88,    1
196600,20130403,   88,    1
196600,20130404,   89,    1
196600,20130405,   90,    1
196600,20130406,  104,    1
196600,20130407,   99,    1
196600,20130408,   91,    1
196600,20130409,  100,    1
196600,20130410,  112,    1
196600,20130411,  134,    1
196600,20130412,  159,    1
196600,20130413,  140,    1
196600,20130414,  141,    1
196600,20130415,  142,    1
196600,20130416,  144,    1
196600,20130417,  157,    1
196600,20130418,  167,    1
196600,20130419,  181,    1
196600,20130420,  154,    1
196600,20130421,  129,    1
196600,20130422,  138,    1
196600,20130423,  125,    1
196600,20130424,  133,    1
196600,20130425,  149,    1
196600,20130426,  160,    1
196600,20130427,  166,    1
196600,20130428,  183,    1
196600,20130429,  172,    1
196600,20130430,  163,    1
196600,20130501,  188,    1
196600,20130502,  168,    0
196600,20130503,  172,    0
196600,20130504,  184,    0
196600,20130505,  176,    0
196600,20130506,  172,    0
196600,20130507,  172,    0
196600,20130508,  173,    0
196600,20130509,  186,    0
196600,20130510,  181,    0
196600,20130511,  164,    0
196600,20130512,  162,    0
196600,20130513,  152,    0
196600,20130514,  160,    0
196600,20130515,  186,    0
196600,20130516,  177,    0
196600,20130517,  171,    0
196600,20130518,  175,    0
196600,20130519,  170,    0
196600,20130520,  149,    0
196600,20130521,  152,    0
196600,20130522,  154,    0
196600,20130523,  172,    0
196600,20130524,  125,    0
196600,20130525,  110,    0
196600,20130526,  148,    0
196600,20130527,  163,    0
196600,20130528,  159,    0
196600,20130529,  173,    0
196600,20130530,  148,    0
196600,20130531,  156,    0
196600,20130601,  169,    0
196600,20130602,  181,    0
196600,20130603,  175,    0
196600,20130604,  187,    0
196600,20130605,  188,    0
196600,20130606,  193,    0
196600,20130607,  200,    0
196600,20130608,  214,    0
196600,20130609,  192,    0
196600,20130610,  189,    0
196600,20130611,  197,    0
196600,20130612,  209,    0
196600,20130613,  215,    0
196600,20130614,  216,    0
196600,20130615,  248,    0
196600,20130616,  250,    0
196600,20130617,  254,    0
196600,20130618,  262,    0
196600,20130619,  261,    0
196600,20130620,  266,    0
196600,20130621,  247,    0
196600,20130622,  241,    0
196600,20130623,  237,    0
196600,20130624,  196,    0
196600,20130625,  202,    0
196600,20130626,  171,    0
196600,20130627,  178,    0
196600,20130628,  156,    0
196600,20130629,  177,    0
196600,20130630,  206,    0
196600,20130701,  207,    0
196600,20130702,  221,    0
196600,20130703,  227,    0
196600,20130704,  242,    0
196600,20130705,  243,    0
196600,20130706,  249,    0
196600,20130707,  241,    0
196600,20130708,  236,    0
196600,20130709,  242,    0
196600,20130710,  242,    0
196600,20130711,  242,    0
196600,20130712,  236,    0
196600,20130713,  235,    0
196600,20130714,  224,    0
196600,20130715,  231,    0
196600,20130716,  234,    0
196600,20130717,  227,    0
196600,20130718,  225,    0
196600,20130719,  237,    0
196600,20130720,  241,    0
196600,20130721,  242,    0
196600,20130722,  242,    0
196600,20130723,  255,    0
196600,20130724,  262,    0
196600,20130725,  265,    0
196600,20130726,  271,    0
196600,20130727,  277,    0
196600,20130728,  279,    0
196600,20130729,  243,    0
196600,20130730,  231,    0
196600,20130731,  240,    0
196600,20130801,  244,    0
196600,20130802,  255,    0
196600,20130803,  260,    0
196600,20130804,  274,    0
196600,20130805,  277,    0
196600,20130806,  277,    0
196600,20130807,  275,    0
196600,20130808,  259,    0
196600,20130809,  252,    0
196600,20130810,  229,    0
196600,20130811,  237,    0
196600,20130812,  238,    0
196600,20130813,  253,    0
196600,20130814,  212,    0
196600,20130815,  211,    0
196600,20130816,  209,    0
196600,20130817,  224,    0
196600,20130818,  242,    0
196600,20130819,  246,    0
196600,20130820,  194,    0
196600,20130821,  211,    0
196600,20130822,  208,    0
196600,20130823,  221,    0
196600,20130824,  235,    0
196600,20130825,  218,    0
196600,20130826,  213,    0
196600,20130827,  206,    0
196600,20130828,  206,    0
196600,20130829,  201,    0
196600,20130830,  196,    0
196600,20130831,  204,    0
196600,20130901,  206,    0
196600,20130902,  214,    0
196600,20130903,  213,    0
196600,20130904,  216,    0
196600,20130905,  216,    0
196600,20130906,  214,    0
196600,20130907,  222,    0
196600,20130908,  236,    0
196600,20130909,  238,    0
196600,20130910,  214,    0
196600,20130911,  175,    0
196600,20130912,  169,    0
196600,20130913,  186,    0
196600,20130914,  193,    0
196600,20130915,  187,    0
196600,20130916,  196,    0
196600,20130917,  176,    0
196600,20130918,  167,    0
196600,20130919,  173,    0
196600,20130920,  189,    0
196600,20130921,  182,    0
196600,20130922,  181,    0
196600,20130923,  168,    0
196600,20130924,  183,    0
196600,20130925,  202,    0
196600,20130926,  202,    0
196600,20130927,  215,    0
196600,20130928,  208,    0
196600,20130929,  180,    0
196600,20130930,  145,    0
196600,20131001,  156,    0
196600,20131002,  146,    0
196600,20131003,  149,    0
196600,20131004,  136,    0
196600,20131005,  131,    0
196600,20131006,  147,    0
196600,20131007,  149,    0
196600,20131008,  147,    0
196600,20131009,  151,    0
196600,20131010,  164,    0
196600,20131011,  144,    0
196600,20131012,  143,    0
196600,20131013,  124,    0
196600,20131014,  131,    0
196600,20131015,  138,    0
196600,20131016,  145,    0
196600,20131017,  122,    0
196600,20131018,  126,    0
196600,20131019,  141,    0
196600,20131020,  154,    0
196600,20131021,  154,    0
196600,20131022,  166,    0
196600,20131023,  175,    0
196600,20131024,  169,    0
196600,20131025,  157,    0
196600,20131026,  169,    0
196600,20131027,  164,    0
196600,20131028,  176,    0
196600,20131029,  181,    0
196600,20131030,  167,    0
196600,20131031,  139,    0
196600,20131101,  110,    0
196600,20131102,  145,    0
196600,20131103,  152,    0
196600,20131104,  130,    0
196600,20131105,  119,    0
196600,20131106,   99,    0
196600,20131107,  118,    0
196600,20131108,  136,    0
196600,20131109,  138,    0
196600,20131110,  120,    0
196600,20131111,  127,    0
196600,20131112,  117,    0
196600,20131113,  119,    0
196600,20131114,  116,    0
196600,20131115,  115,    0
196600,20131116,   98,    0
196600,20131117,   98,    0
196600,20131118,  118,    0
196600,20131119,  128,    0
196600,20131120,  105,    0
196600,20131121,   91,    0
196600,20131122,   77,    0
196600,20131123,   82,    0
196600,20131124,   85,    0
196600,20131125,   64,    0
196600,20131126,   31,    0
196600,20131127,   35,    0
196600,20131128,   18,    0
196600,20131129,   -1,    0
196600,20131130,   33,    0
196600,20131201,   64,    0
196600,20131202,   65,    0
196600,20131203,   33,    0
196600,20131204,   11,    0
196600,20131205,   -2,    0
196600,20131206,   19,    0
196600,20131207,   19,    0
196600,20131208,    9,    0
196600,20131209,    2,    0
196600,20131210,    2,    0
196600,20131211,   -1,    0
196600,20131212,    9,    0
196600,20131213,    3,    0
196600,20131214,    0,    0
196600,20131215,   21,    0
196600,20131216,    6,    0
196600,20131217,    0,    0
196600,20131218,  -13,    0
196600,20131219,    3,    0
196600,20131220,   41,    0
196600,20131221,   49,    0
196600,20131222,   57,    0
196600,20131223,   65,    0
196600,20131224,   56,    0
196600,20131225,  109,    0
196600,20131226,  105,    0
196600,20131227,   60,    0
196600,20131228,   41,    0
196600,20131229,   78,    0
196600,20131230,   81,    0
196600,20131231,   39,    0
196600,20140101,   12,    0
196600,20140102,   36,    0
196600,20140103,   54,    0
196600,20140104,   81,    0
196600,20140105,   86,    0
196600,20140106,   71,    0
196600,20140107,   44,    0
196600,20140108,   51,    0
196600,20140109,   64,    0
196600,20140110,   62,    0
196600,20140111,   77,    0
196600,20140112,   77,    0
196600,20140113,   71,    0
196600,20140114,   84,    0
196600,20140115,   43,    0
196600,20140116,   47,    0
196600,20140117,   88,    0
196600,20140118,   66,    0
196600,20140119,   79,    0
196600,20140120,   83,    0
196600,20140121,   89,    0
196600,20140122,   72,    0
196600,20140123,   68,    0
196600,20140124,   66,    0
196600,20140125,   41,    0
196600,20140126,   32,    0
196600,20140127,   54,    0
196600,20140128,   44,    0
196600,20140129,   46,    0
196600,20140130,   84,    0
196600,20140131,   62,    0
196600,20140201,   71,    0
196600,20140202,   91,    0
196600,20140203,   91,    0
196600,20140204,   87,    0
196600,20140205,   83,    0
196600,20140206,   74,    0
196600,20140207,   79,    0
196600,20140208,   92,    0
196600,20140209,   80,    0
196600,20140210,   76,    0
196600,20140211,   71,    0
196600,20140212,   76,    0
196600,20140213,   70,    0
196600,20140214,   79,    0
196600,20140215,   97,    0
196600,20140216,   77,    0
196600,20140217,   95,    0
196600,20140218,   94,    0
196600,20140219,  101,    0
196600,20140220,   90,    0
196600,20140221,  103,    0
196600,20140222,   82,    0
196600,20140223,   68,    0
196600,20140224,   64,    0
196600,20140225,   73,    0
196600,20140226,   91,    0
196600,20140227,   71,    0
196600,20140228,   86,    0
196600,20140301,   92,    0
196600,20140302,   78,    0
196600,20140303,   89,    0
196600,20140304,   87,    0
196600,20140305,  102,    0
196600,20140306,   95,    0
196600,20140307,  101,    0
196600,20140308,   92,    0
196600,20140309,   88,    0
196600,20140310,  100,    0
196600,20140311,   83,    0
196600,20140312,   83,    0
196600,20140313,   84,    0
196600,20140314,   86,    0
196600,20140315,   96,    0
196600,20140316,  101,    0
196600,20140317,  106,    0
196600,20140318,  116,    0
196600,20140319,  128,    0
196600,20140320,  118,    0
196600,20140321,   94,    0
196600,20140322,  135,    0
196600,20140323,  126,    0
196600,20140324,   71,    0
196600,20140325,   75,    0
196600,20140326,  104,    0
196600,20140327,  125,    0
196600,20140328,  120,    0
196600,20140329,  108,    0
196600,20140330,  120,    0
196600,20140331,  134,    0
196600,20140401,  145,    0
196600,20140402,  144,    0
196600,20140403,  133,    0
196600,20140404,  137,    0
196600,20140405,  132,    0
196600,20140406,  152,    0
196600,20140407,  157,    0
196600,20140408,  164,    0
196600,20140409,  140,    0
196600,20140410,  143,    0
196600,20140411,  132,    0
196600,20140412,  138,    0
196600,20140413,  119,    0
196600,20140414,  140,    0
196600,20140415,  140,    0
196600,20140416,  112,    0
196600,20140417,  115,    0
196600,20140418,  124,    0
196600,20140419,  133,    0
196600,20140420,  145,    0
196600,20140421,  151,    0
196600,20140422,  141,    0
196600,20140423,  148,    0
196600,20140424,  158,    0
196600,20140425,  170,    0
196600,20140426,  180,    0
196600,20140427,  159,    0
196600,20140428,  145,    0
196600,20140429,  158,    0
196600,20140430,  149,    0
196600,20140501,  167,    0
196600,20140502,  140,    0
196600,20140503,  154,    0
196600,20140504,  155,    0
196600,20140505,  137,    0
196600,20140506,  154,    0
196600,20140507,  160,    0
196600,20140508,  167,    0
196600,20140509,  169,    0
196600,20140510,  193,    0
196600,20140511,  193,    0
196600,20140512,  169,    0
196600,20140513,  148,    0
196600,20140514,  154,    0
196600,20140515,  150,    0
196600,20140516,  161,    0
196600,20140517,  166,    0
196600,20140518,  171,    0
196600,20140519,  166,    0
196600,20140520,  184,    0
196600,20140521,  191,    0
196600,20140522,  205,    0
196600,20140523,  211,    0
196600,20140524,  208,    0
196600,20140525,  198,    0
196600,20140526,  197,    0
196600,20140527,  187,    0
196600,20140528,  191,    0
196600,20140529,  182,    0
196600,20140530,  185,    0
196600,20140531,  172,    0
196600,20140601,  177,    0
196600,20140602,  186,    0
196600,20140603,  186,    0
196600,20140604,  196,    0
196600,20140605,  221,    0
196600,20140606,  210,    0
196600,20140607,  225,    0
196600,20140608,  238,    0
196600,20140609,  244,    0
196600,20140610,  256,    0
196600,20140611,  260,    0
196600,20140612,  267,    0
196600,20140613,  261,    0
196600,20140614,  225,    0
196600,20140615,  217,    0
196600,20140616,  208,    0
196600,20140617,  198,    0
196600,20140618,  199,    0
196600,20140619,  199,    0
196600,20140620,  227,    0
196600,20140621,  221,    0
196600,20140622,  234,    0
196600,20140623,  248,    0
196600,20140624,  244,    0
196600,20140625,  212,    0
196600,20140626,  203,    0
196600,20140627,  218,    0
196600,20140628,  236,    0
196600,20140629,  227,    0
196600,20140630,  215,    0
196600,20140701,  226,    0
196600,20140702,  220,    0
196600,20140703,  209,    0
196600,20140704,  214,    0
196600,20140705,  244,    0
196600,20140706,  251,    0
196600,20140707,  253,    0
196600,20140708,  225,    0
196600,20140709,  189,    0
196600,20140710,  170,    0
196600,20140711,  216,    0
196600,20140712,  216,    0
196600,20140713,  217,    0
196600,20140714,  202,    0
196600,20140715,  233,    0
196600,20140716,  248,    0
196600,20140717,  256,    0
196600,20140718,  253,    0
196600,20140719,  264,    0
196600,20140720,  277,    0
196600,20140721,  223,    0
196600,20140722,  223,    0
196600,20140723,  247,    0
196600,20140724,  206,    0
196600,20140725,  230,    0
196600,20140726,  207,    0
196600,20140727,  218,    0
196600,20140728,  244,    0
196600,20140729,  225,    0
196600,20140730,  207,    0
196600,20140731,  214,    0
196600,20140801,  239,    0
196600,20140802,  252,    0
196600,20140803,  224,    0
196600,20140804,  229,    0
196600,20140805,  225,    0
196600,20140806,  234,    0
196600,20140807,  235,    0
196600,20140808,  248,    0
196600,20140809,  252,    0
196600,20140810,  258,    0
196600,20140811,  262,    0
196600,20140812,  266,    0
196600,20140813,  256,    0
196600,20140814,-9999,    9
196600,20140815,-9999,    9
196600,20140816,-9999,    9
196600,20140817,-9999,    9
196600,20140818,-9999,    9
196600,20140819,-9999,    9
196600,20140820,-9999,    9
196600,20140821,-9999,    9
196600,20140822,-9999,    9
196600,20140823,-9999,    9
196600,20140824,-9999,    9
196600,20140825,-9999,    9
196600,20140826,-9999,    9
196600,20140827,-9999,    9
196600,20140828,-9999,    9
196600,20140829,-9999,    9
196600,20140830,-9999,    9
196600,20140831,-9999,    9
196600,20140901,-9999,    9
196600,20140902,-9999,    9
196600,20140903,-9999,    9
196600,20140904,  198,    0
196600,20140905,  207,    0
196600,20140906,  208,    0
196600,20140907,  199,    0
196600,20140908,  206,    0
196600,20140909,  218,    0
196600,20140910,  198,    0
196600,20140911,  175,    0
196600,20140912,  152,    0
196600,20140913,  163,    0
196600,20140914,  181,    0
196600,20140915,  185,    0
196600,20140916,  188,    0
196600,20140917,  182,    0
196600,20140918,  173,    0
196600,20140919,  194,    0
196600,20140920,  214,    0
196600,20140921,  209,    0
196600,20140922,  196,    0
196600,20140923,  149,    0
196600,20140924,  157,    0
196600,20140925,  154,    0
196600,20140926,  160,    0
196600,20140927,  161,    0
196600,20140928,  171,    0
196600,20140929,  172,    0
196600,20140930,  180,    0
196600,20141001,  175,    0
196600,20141002,  171,    0
196600,20141003,  158,    0
196600,20141004,  149,    0
196600,20141005,  145,    0
196600,20141006,  135,    0
196600,20141007,  162,    0
196600,20141008,  189,    0
196600,20141009,  176,    0
196600,20141010,  193,    0
196600,20141011,  201,    0
196600,20141012,  192,    0
196600,20141013,  196,    0
196600,20141014,  189,    0
196600,20141015,  175,    0
196600,20141016,  186,    0
196600,20141017,  199,    0
196600,20141018,  190,    0
196600,20141019,  186,    0
196600,20141020,  181,    0
196600,20141021,  196,    0
196600,20141022,  147,    0
196600,20141023,  117,    0
196600,20141024,  149,    0
196600,20141025,  106,    0
196600,20141026,  101,    0
196600,20141027,   78,    0
196600,20141028,   79,    0
196600,20141029,   65,    0
196600,20141030,   67,    0
196600,20141031,   76,    0
196600,20141101,   76,    0
196600,20141102,   87,    0
196600,20141103,   86,    0
196600,20141104,  165,    0
196600,20141105,  173,    0
196600,20141106,  153,    0
196600,20141107,  135,    0
196600,20141108,  138,    0
196600,20141109,  144,    0
196600,20141110,  151,    0
196600,20141111,  149,    0
196600,20141112,  160,    0
196600,20141113,  142,    0
196600,20141114,  114,    0
196600,20141115,  139,    0
196600,20141116,  132,    0
196600,20141117,  100,    0
196600,20141118,   97,    0
196600,20141119,   76,    0
196600,20141120,   55,    0
196600,20141121,   64,    0
196600,20141122,   81,    0
196600,20141123,   71,    0
196600,20141124,   72,    0
196600,20141125,   85,    0
196600,20141126,   98,    0
196600,20141127,   91,    0
196600,20141128,  107,    0
196600,20141129,  121,    0
196600,20141130,  133,    0
196600,20141201,  139,    0
196600,20141202,  109,    0
196600,20141203,  106,    0
196600,20141204,   92,    0
196600,20141205,   92,    0
196600,20141206,  102,    0
196600,20141207,   93,    0
196600,20141208,   65,    0
196600,20141209,   80,    0
196600,20141210,   32,    0
196600,20141211,   20,    0
196600,20141212,   18,    0
196600,20141213,   60,    0
196600,20141214,   61,    0
196600,20141215,   70,    0
196600,20141216,   98,    0
196600,20141217,   88,    0
196600,20141218,   63,    0
196600,20141219,   48,    0
196600,20141220,   58,    0
196600,20141221,   67,    0
196600,20141222,   44,    0
196600,20141223,   32,    0
196600,20141224,   38,    0
196600,20141225,   52,    0
196600,20141226,   34,    0
196600,20141227,   23,    0
196600,20141228,   31,    0
196600,20141229,    6,    0
196600,20141230,   10,    0
196600,20141231,    3,    0
196600,20150101,   -5,    0
196600,20150102,   11,    0
196600,20150103,    9,    0
196600,20150104,   15,    0
196600,20150105,   21,    0
196600,20150106,   -6,    0
196600,20150107,   18,    0
196600,20150108,   41,    0
196600,20150109,   22,    0
196600,20150110,   16,    0
196600,20150111,   13,    0
196600,20150112,   29,    0
196600,20150113,    7,    0
196600,20150114,   23,    0
196600,20150115,   36,    0
196600,20150116,   71,    0
196600,20150117,  103,    0
196600,20150118,   30,    0
196600,20150119,   17,    0
196600,20150120,   41,    0
196600,20150121,   55,    0
196600,20150122,   68,    0
196600,20150123,   79,    0
196600,20150124,   72,    0
196600,20150125,   64,    0
196600,20150126,   36,    0
196600,20150127,    4,    0
196600,20150128,    5,    0
196600,20150129,   21,    0
196600,20150130,   25,    0
196600,20150131,   31,    0
196600,20150201,   23,    0
196600,20150202,   -5,    0
196600,20150203,   34,    0
196600,20150204,   68,    0
196600,20150205,   51,    0
196600,20150206,   50,    0
196600,20150207,   38,    0
196600,20150208,   20,    0
196600,20150209,   13,    0
196600,20150210,    9,    0
196600,20150211,   25,    0
196600,20150212,   36,    0
196600,20150213,   71,    0
196600,20150214,   67,    0
196600,20150215,   81,    0
196600,20150216,   99,    0
196600,20150217,   69,    0
196600,20150218,   29,    0
196600,20150219,   24,    0
196600,20150220,   28,    0
196600,20150221,   71,    0
196600,20150222,   81,    0
196600,20150223,   83,    0
196600,20150224,   81,    0
196600,20150225,   87,    0
196600,20150226,   83,    0
196600,20150227,   69,    0
196600,20150228,   66,    0
196600,20150301,   69,    0
196600,20150302,   93,    0
196600,20150303,   71,    0
196600,20150304,   84,    0
196600,20150305,   90,    0
196600,20150306,   76,    0
196600,20150307,   89,    0
196600,20150308,   68,    0
196600,20150309,   41,    0
196600,20150310,   56,    0
196600,20150311,   79,    0
196600,20150312,   66,    0
196600,20150313,   57,    0
196600,20150314,   53,    0
196600,20150315,   93,    0
196600,20150316,   87,    0
196600,20150317,  101,    0
196600,20150318,   80,    0
196600,20150319,   83,    0
196600,20150320,   83,    0
196600,20150321,   95,    0
196600,20150322,  105,    0
196600,20150323,   94,    0
196600,20150324,  101,    0
196600,20150325,  115,    0
196600,20150326,  122,    0
196600,20150327,  105,    0
196600,20150328,  109,    0
196600,20150329,  119,    0
196600,20150330,  132,    0
196600,20150331,  139,    0
196600,20150401,  134,    0
196600,20150402,  119,    0
196600,20150403,  119,    0
196600,20150404,   90,    0
196600,20150405,   95,    0
196600,20150406,   91,    0
196600,20150407,   82,    0
196600,20150408,   99,    0
196600,20150409,   97,    0
196600,20150410,  100,    0
196600,20150411,  121,    0
196600,20150412,  123,    0
196600,20150413,  152,    0
196600,20150414,  140,    0
196600,20150415,  132,    0
196600,20150416,  151,    0
196600,20150417,  145,    0
196600,20150418,  122,    0
196600,20150419,   81,    0
196600,20150420,  107,    0
196600,20150421,  135,    0
196600,20150422,  153,    0
196600,20150423,  159,    0
196600,20150424,  141,    0
196600,20150425,  139,    0
196600,20150426,  155,    0
196600,20150427,  154,    0
196600,20150428,  150,    0
196600,20150429,  143,    0
196600,20150430,  154,    0
196600,20150501,  161,    0
196600,20150502,  176,    0
196600,20150503,  172,    0
196600,20150504,  172,    0
196600,20150505,  173,    0
196600,20150506,  171,    0
196600,20150507,  181,    0
196600,20150508,  193,    0
196600,20150509,  209,    0
196600,20150510,  206,    0
196600,20150511,  185,    0
196600,20150512,  189,    0
196600,20150513,  204,    0
196600,20150514,  204,    0
196600,20150515,  184,    0
196600,20150516,  198,    0
196600,20150517,  196,    0
196600,20150518,  202,    0
196600,20150519,  213,    0
196600,20150520,  187,    0
196600,20150521,  160,    0
196600,20150522,  130,    0
196600,20150523,  135,    0
196600,20150524,  163,    0
196600,20150525,  188,    0
196600,20150526,  159,    0
196600,20150527,  163,    0
196600,20150528,  168,    0
196600,20150529,  173,    0
196600,20150530,  202,    0
196600,20150531,  191,    0
196600,20150601,  206,    0
196600,20150602,  223,    0
196600,20150603,  234,    0
196600,20150604,  247,    0
196600,20150605,  245,    0
196600,20150606,  242,    0
196600,20150607,  247,    0
196600,20150608,  244,    0
196600,20150609,  231,    0
196600,20150610,  235,    0
196600,20150611,  238,    0
196600,20150612,  236,    0
196600,20150613,  246,    0
196600,20150614,  212,    0
196600,20150615,  222,    0
196600,20150616,  215,    0
196600,20150617,  195,    0
196600,20150618,  210,    0
196600,20150619,  204,    0
196600,20150620,  178,    0
196600,20150621,  199,    0
196600,20150622,  213,    0
196600,20150623,  234,    0
196600,20150624,  192,    0
196600,20150625,  200,    0
196600,20150626,  222,    0
196600,20150627,  224,    0
196600,20150628,  230,    0
196600,20150629,  233,    0
196600,20150630,  233,    0
196600,20150701,  230,    0
196600,20150702,  242,    0
196600,20150703,  257,    0
196600,20150704,  263,    0
196600,20150705,  268,    0
196600,20150706,  275,    0
196600,20150707,  282,    0
196600,20150708,  285,    0
196600,20150709,  246,    0
196600,20150710,  226,    0
196600,20150711,  238,    0
196600,20150712,  254,    0
196600,20150713,  256,    0
196600,20150714,  258,    0
196600,20150715,  267,    0
196600,20150716,  278,    0
196600,20150717,  289,    0
196600,20150718,  285,    0
196600,20150719,  286,    0
196600,20150720,  282,    0
196600,20150721,  284,    0
196600,20150722,  288,    0
196600,20150723,  285,    0
196600,20150724,  288,    0
196600,20150725,  271,    0
196600,20150726,  246,    0
196600,20150727,  261,    0
196600,20150728,  266,    0
196600,20150729,  259,    0
196600,20150730,  245,    0
196600,20150731,  217,    0
196600,20150801,  222,    0
196600,20150802,  221,    0
196600,20150803,  245,    0
196600,20150804,  255,    0
196600,20150805,  264,    0
196600,20150806,  270,    0
196600,20150807,  273,    0
196600,20150808,  269,    0
196600,20150809,  269,    0
196600,20150810,  243,    0
196600,20150811,  243,    0
196600,20150812,  256,    0
196600,20150813,  259,    0
196600,20150814,  265,    0
196600,20150815,  239,    0
196600,20150816,  208,    0
196600,20150817,  225,    0
196600,20150818,  235,    0
196600,20150819,  192,    0
196600,20150820,  221,    0
196600,20150821,  203,    0
196600,20150822,  201,    0
196600,20150823,  212,    0
196600,20150824,  231,    0
196600,20150825,  234,    0
196600,20150826,  219,    0
196600,20150827,  234,    0
196600,20150828,  246,    0
196600,20150829,  246,    0
196600,20150830,  250,    0
196600,20150831,  255,    0
196600,20150901,  237,    0
196600,20150902,  232,    0
196600,20150903,  231,    0
196600,20150904,  231,    0
196600,20150905,  193,    0
196600,20150906,  169,    0
196600,20150907,  165,    0
196600,20150908,  165,    0
196600,20150909,  159,    0
196600,20150910,  159,    0
196600,20150911,  177,    0
196600,20150912,  194,    0
196600,20150913,  192,    0
196600,20150914,  239,    0
196600,20150915,  222,    0
196600,20150916,  234,    0
196600,20150917,  235,    0
196600,20150918,  225,    0
196600,20150919,  186,    0
196600,20150920,  188,    0
196600,20150921,  176,    0
196600,20150922,  171,    0
196600,20150923,  172,    0
196600,20150924,  145,    0
196600,20150925,  157,    0
196600,20150926,  173,    0
196600,20150927,  169,    0
196600,20150928,  161,    0
196600,20150929,  159,    0
196600,20150930,  148,    0
196600,20151001,  138,    0
196600,20151002,  158,    0
196600,20151003,  172,    0
196600,20151004,  171,    0
196600,20151005,  179,    0
196600,20151006,  169,    0
196600,20151007,  175,    0
196600,20151008,  162,    0
196600,20151009,  153,    0
196600,20151010,  145,    0
196600,20151011,  157,    0
196600,20151012,  155,    0
196600,20151013,  157,    0
196600,20151014,  159,    0
196600,20151015,  147,    0
196600,20151016,  118,    0
196600,20151017,  114,    0
196600,20151018,  126,    0
196600,20151019,  121,    0
196600,20151020,   95,    0
196600,20151021,   90,    0
196600,20151022,   92,    0
196600,20151023,  101,    0
196600,20151024,  101,    0
196600,20151025,   96,    0
196600,20151026,   95,    0
196600,20151027,  113,    0
196600,20151028,  122,    0
196600,20151029,  129,    0
196600,20151030,  121,    0
196600,20151031,  101,    0
196600,20151101,   84,    0
196600,20151102,   65,    0
196600,20151103,   81,    0
196600,20151104,   93,    0
196600,20151105,   93,    0
196600,20151106,   94,    0
196600,20151107,  103,    0
196600,20151108,  101,    0
196600,20151109,  103,    0
196600,20151110,  106,    0
196600,20151111,  102,    0
196600,20151112,   96,    0
196600,20151113,   90,    0
196600,20151114,   99,    0
196600,20151115,  105,    0
196600,20151116,  106,    0
196600,20151117,   97,    0
196600,20151118,  105,    0
196600,20151119,  105,    0
196600,20151120,   97,    0
196600,20151121,   84,    0
196600,20151122,   45,    0
196600,20151123,   54,    0
196600,20151124,   46,    0
196600,20151125,   29,    0
196600,20151126,   30,    0
196600,20151127,  112,    0
196600,20151128,   77,    0
196600,20151129,   48,    0
196600,20151130,   54,    0
196600,20151201,-9999,    9
196600,20151202,-9999,    9
196600,20151203,-9999,    9
196600,20151204,-9999,    9
196600,20151205,-9999,    9
196600,20151206,-9999,    9
196600,20151207,-9999,    9
196600,20151208,-9999,    9
196600,20151209,-9999,    9
196600,20151210,-9999,    9
196600,20151211,-9999,    9
196600,20151212,-9999,    9
196600,20151213,-9999,    9
196600,20151214,-9999,    9
196600,20151215,-9999,    9
196600,20151216,-9999,    9
196600,20151217,-9999,    9
196600,20151218,-9999,    9
196600,20151219,-9999,    9
196600,20151220,-9999,    9
196600,20151221,-9999,    9
196600,20151222,-9999,    9
196600,20151223,-9999,    9
196600,20151224,-9999,    9
196600,20151225,-9999,    9
196600,20151226,-9999,    9
196600,20151227,-9999,    9
196600,20151228,-9999,    9
196600,20151229,-9999,    9
196600,20151230,-9999,    9
196600,20151231,-9999,    9
196600,20160101,-9999,    9
196600,20160102,-9999,    9
196600,20160103,-9999,    9
196600,20160104,-9999,    9
196600,20160105,-9999,    9
196600,20160106,-9999,    9
196600,20160107,-9999,    9
196600,20160108,-9999,    9
196600,20160109,-9999,    9
196600,20160110,-9999,    9
196600,20160111,-9999,    9
196600,20160112,-9999,    9
196600,20160113,-9999,    9
196600,20160114,-9999,    9
196600,20160115,-9999,    9
196600,20160116,   43,    0
196600,20160117,   17,    0
196600,20160118,   35,    0
196600,20160119,   29,    0
196600,20160120,   33,    0
196600,20160121,   19,    0
196600,20160122,   57,    0
196600,20160123,   35,    0
196600,20160124,   45,    0
196600,20160125,   50,    0
196600,20160126,   81,    0
196600,20160127,   79,    0
196600,20160128,  100,    0
196600,20160129,  101,    0
196600,20160130,   99,    0
196600,20160131,   89,    0
196600,20160201,   86,    0
196600,20160202,   82,    0
196600,20160203,   84,    0
196600,20160204,   95,    0
196600,20160205,   70,    0
196600,20160206,   79,    0
196600,20160207,  101,    0
196600,20160208,   93,    0
196600,20160209,  120,    0
196600,20160210,  102,    0
196600,20160211,   82,    0
196600,20160212,   84,    0
196600,20160213,   75,    0
196600,20160214,-9999,    9
196600,20160215,   77,    0
196600,20160216,  103,    0
196600,20160217,   80,    0
196600,20160218,  105,    0
196600,20160219,  117,    0
196600,20160220,  104,    0
196600,20160221,  105,    0
196600,20160222,  106,    0
196600,20160223,  131,    0
196600,20160224,  105,    0
196600,20160225,   91,    0
196600,20160226,   86,    0
196600,20160227,   94,    0
196600,20160228,  127,    0
196600,20160229,  123,    0
196600,20160301,  124,    0
196600,20160302,  112,    0
196600,20160303,   44,    0
196600,20160304,   96,    0
196600,20160305,  114,    0
196600,20160306,   89,    0
196600,20160307,   81,    0
196600,20160308,   80,    0
196600,20160309,   84,    0
196600,20160310,  113,    0
196600,20160311,  127,    0
196600,20160312,  127,    0
196600,20160313,  115,    0
196600,20160314,  112,    0
196600,20160315,   87,    0
196600,20160316,   96,    0
196600,20160317,   88,    0
196600,20160318,   84,    0
196600,20160319,   92,    0
196600,20160320,   99,    0
196600,20160321,  119,    0
196600,20160322,  125,    0
196600,20160323,  108,    0
196600,20160324,   98,    0
196600,20160325,  105,    0
196600,20160326,  100,    0
196600,20160327,  103,    0
196600,20160328,  124,    0
196600,20160329,  132,    0
196600,20160330,  133,    0
196600,20160331,  129,    0
196600,20160401,  141,    0
196600,20160402,  130,    0
196600,20160403,  118,    0
196600,20160404,  138,    0
196600,20160405,  141,    0
196600,20160406,  133,    0
196600,20160407,  130,    0
196600,20160408,  131,    0
196600,20160409,  128,    0
196600,20160410,  140,    0
196600,20160411,  149,    0
196600,20160412,  154,    0
196600,20160413,  145,    0
196600,20160414,  151,    0
196600,20160415,  152,    0
196600,20160416,  156,    0
196600,20160417,  157,    0
196600,20160418,  162,    0
196600,20160419,  117,    0
196600,20160420,  124,    0
196600,20160421,  126,    0
196600,20160422,  155,    0
196600,20160423,  141,    0
196600,20160424,  108,    0
196600,20160425,  101,    0
196600,20160426,  118,    0
196600,20160427,  146,    0
196600,20160428,  120,    0
196600,20160429,  126,    0
196600,20160430,  131,    0
196600,20160501,  124,    0
196600,20160502,  145,    0
196600,20160503,  174,    0
196600,20160504,  178,    0
196600,20160505,  153,    0
196600,20160506,  158,    0
196600,20160507,  154,    0
196600,20160508,  171,    0
196600,20160509,  175,    0
196600,20160510,  178,    0
196600,20160511,  166,    0
196600,20160512,  169,    0
196600,20160513,  153,    0
196600,20160514,  175,    0
196600,20160515,  160,    0
196600,20160516,  139,    0
196600,20160517,  152,    0
196600,20160518,  168,    0
196600,20160519,  140,    0
196600,20160520,  173,    0
196600,20160521,  187,    0
196600,20160522,  203,    0
196600,20160523,  180,    0
196600,20160524,  166,    0
196600,20160525,  180,    0
196600,20160526,  197,    0
196600,20160527,  203,    0
196600,20160528,  214,    0
196600,20160529,  189,    0
196600,20160530,  202,    0
196600,20160531,  192,    0
196600,20160601,  187,    0
196600,20160602,  183,    0
196600,20160603,  190,    0
196600,20160604,  184,    0
196600,20160605,  207,    0
196600,20160606,  197,    0
196600,20160607,  218,    0
196600,20160608,  212,    0
196600,20160609,  179,    0
196600,20160610,  196,    0
196600,20160611,  210,    0
196600,20160612,  190,    0
196600,20160613,  215,    0
196600,20160614,  202,    0
196600,20160615,  211,    0
196600,20160616,  218,    0
196600,20160617,  216,    0
196600,20160618,  198,    0
196600,20160619,  188,    0
196600,20160620,  192,    0
196600,20160621,  207,    0
196600,20160622,  233,    0
196600,20160623,  255,    0
196600,20160624,  268,    0
196600,20160625,  267,    0
196600,20160626,  260,    0
196600,20160627,  226,    0
196600,20160628,  229,    0
196600,20160629,  231,    0
196600,20160630,  255,    0
196600,20160701,  259,    0
196600,20160702,  256,    0
196600,20160703,  249,    0
196600,20160704,  238,    0
196600,20160705,  242,    0
196600,20160706,  260,    0
196600,20160707,  246,    0
196600,20160708,  253,    0
196600,20160709,  261,    0
196600,20160710,  264,    0
196600,20160711,  272,    0
196600,20160712,  282,    0
196600,20160713,  255,    0
196600,20160714,  209,    0
196600,20160715,  194,    0
196600,20160716,  211,    0
196600,20160717,  229,    0
196600,20160718,  244,    0
196600,20160719,  245,    0
196600,20160720,  247,    0
196600,20160721,  253,    0
196600,20160722,  257,    0
196600,20160723,  250,    0
196600,20160724,  233,    0
196600,20160725,  253,    0
196600,20160726,  262,    0
196600,20160727,  257,    0
196600,20160728,  237,    0
196600,20160729,  252,    0
196600,20160730,  264,    0
196600,20160731,  256,    0
196600,20160801,  233,    0
196600,20160802,  235,    0
196600,20160803,  241,    0
196600,20160804,  260,    0
196600,20160805,  223,    0
196600,20160806,  223,    0
196600,20160807,  232,    0
196600,20160808,  219,    0
196600,20160809,  234,    0
196600,20160810,  202,    0
196600,20160811,  191,    0
196600,20160812,  187,    0
196600,20160813,  202,    0
196600,20160814,  218,    0
196600,20160815,  233,    0
196600,20160816,  244,    0
196600,20160817,  245,    0
196600,20160818,  233,    0
196600,20160819,  238,    0
196600,20160820,  239,    0
196600,20160821,  234,    0
196600,20160822,  212,    0
196600,20160823,  207,    0
196600,20160824,  219,    0
196600,20160825,  218,    0
196600,20160826,  213,    0
196600,20160827,  222,    0
196600,20160828,  228,    0
196600,20160829,  235,    0
196600,20160830,  231,    0
196600,20160831,  218,    0
196600,20160901,  223,    0
196600,20160902,  230,    0
196600,20160903,  235,    0
196600,20160904,  242,    0
196600,20160905,  228,    0
196600,20160906,  195,    0
196600,20160907,  226,    0
196600,20160908,  213,    0
196600,20160909,  222,    0
196600,20160910,  226,    0
196600,20160911,  220,    0
196600,20160912,  221,    0
196600,20160913,  215,    0
196600,20160914,  221,    0
196600,20160915,  224,    0
196600,20160916,  182,    0
196600,20160917,  200,    0
196600,20160918,  174,    0
196600,20160919,  192,    0
196600,20160920,  189,    0
196600,20160921,  181,    0
196600,20160922,  163,    0
196600,20160923,  148,    0
196600,20160924,  161,    0
196600,20160925,  158,    0
196600,20160926,  159,    0
196600,20160927,  159,    0
196600,20160928,  164,    0
196600,20160929,  162,    0
196600,20160930,  181,    0
196600,20161001,  183,    0
196600,20161002,  188,    0
196600,20161003,  157,    0
196600,20161004,  147,    0
196600,20161005,  140,    0
196600,20161006,  125,    0
196600,20161007,  125,    0
196600,20161008,  120,    0
196600,20161009,  131,    0
196600,20161010,  112,    0
196600,20161011,   99,    0
196600,20161012,   89,    0
196600,20161013,  118,    0
196600,20161014,  150,    0
196600,20161015,  156,    0
196600,20161016,  127,    0
196600,20161017,  146,    0
196600,20161018,  137,    0
196600,20161019,  141,    0
196600,20161020,  121,    0
196600,20161021,   99,    0
196600,20161022,   95,    0
196600,20161023,  130,    0
196600,20161024,  136,    0
196600,20161025,  139,    0
196600,20161026,  145,    0
196600,20161027,  122,    0
196600,20161028,  104,    0
196600,20161029,   90,    0
196600,20161030,   96,    0
196600,20161031,   98,    0
196600,20161101,   99,    0
196600,20161102,  112,    0
196600,20161103,   99,    0
196600,20161104,   91,    0
196600,20161105,  128,    0
196600,20161106,  129,    0
196600,20161107,   85,    0
196600,20161108,   75,    0
196600,20161109,   75,    0
196600,20161110,   62,    0
196600,20161111,   75,    0
196600,20161112,   63,    0
196600,20161113,   46,    0
196600,20161114,   75,    0
196600,20161115,   21,    0
196600,20161116,   30,    0
196600,20161117,   75,    0
196600,20161118,   92,    0
196600,20161119,  101,    0
196600,20161120,   98,    0
196600,20161121,  117,    0
196600,20161122,  131,    0
196600,20161123,  145,    0
196600,20161124,  141,    0
196600,20161125,  148,    0
196600,20161126,  119,    0
196600,20161127,   89,    0
196600,20161128,   84,    0
196600,20161129,   40,    0
196600,20161130,    8,    0
196600,20161201,   14,    0
196600,20161202,   18,    0
196600,20161203,   88,    0
196600,20161204,   72,    0
196600,20161205,   67,    0
196600,20161206,   51,    0
196600,20161207,   28,    0
196600,20161208,   12,    0
196600,20161209,    7,    0
196600,20161210,    4,    0
196600,20161211,    8,    0
196600,20161212,   36,    0
196600,20161213,   27,    0
196600,20161214,   27,    0
196600,20161215,   26,    0
196600,20161216,   44,    0
196600,20161217,    8,    0
196600,20161218,  -12,    0
196600,20161219,   36,    0
196600,20161220,  103,    0
196600,20161221,   74,    0
196600,20161222,   27,    0
196600,20161223,   13,    0
196600,20161224,   12,    0
196600,20161225,   15,    0
196600,20161226,   25,    0
196600,20161227,    4,    0
196600,20161228,   24,    0
196600,20161229,   56,    0
196600,20161230,    5,    0
196600,20161231,  -10,    0
196600,20170101,  -11,    0
196600,20170102,   17,    0
196600,20170103,   30,    0
196600,20170104,    8,    0
196600,20170105,   21,    0
196600,20170106,  -21,    0
196600,20170107,  -50,    0
196600,20170108,  -16,    0
196600,20170109,  -27,    0
196600,20170110,   14,    0
196600,20170111,  -23,    0
196600,20170112,    0,    0
196600,20170113,   13,    0
196600,20170114,   -3,    0
196600,20170115,    4,    0
196600,20170116,   33,    0
196600,20170117,   38,    0
196600,20170118,   41,    0
196600,20170119,   25,    0
196600,20170120,  -11,    0
196600,20170121,  -15,    0
196600,20170122,   14,    0
196600,20170123,   31,    0
196600,20170124,   42,    0
196600,20170125,   12,    0
196600,20170126,    5,    0
196600,20170127,  -15,    0
196600,20170128,   20,    0
196600,20170129,   12,    0
196600,20170130,    5,    0
196600,20170131,   50,    0
196600,20170201,   49,    0
196600,20170202,   61,    0
196600,20170203,   74,    0
196600,20170204,   68,    0
196600,20170205,   64,    0
196600,20170206,   85,    0
196600,20170207,   69,    0
196600,20170208,   42,    0
196600,20170209,   42,    0
196600,20170210,   63,    0
196600,20170211,   62,    0
196600,20170212,   71,    0
196600,20170213,   62,    0
196600,20170214,   38,    0
196600,20170215,   45,    0
196600,20170216,   47,    0
196600,20170217,   41,    0
196600,20170218,   57,    0
196600,20170219,   17,    0
196600,20170220,   41,    0
196600,20170221,   43,    0
196600,20170222,   56,    0
196600,20170223,   66,    0
196600,20170224,   75,    0
196600,20170225,   63,    0
196600,20170226,   42,    0
196600,20170227,   59,    0
196600,20170228,  113,    0
196600,20170301,   90,    0
196600,20170302,   80,    0
196600,20170303,   87,    0
196600,20170304,   97,    0
196600,20170305,  108,    0
196600,20170306,   93,    0
196600,20170307,   90,    0
196600,20170308,   80,    0
196600,20170309,   84,    0
196600,20170310,  110,    0
196600,20170311,   66,    0
196600,20170312,   72,    0
196600,20170313,   88,    0
196600,20170314,   93,    0
196600,20170315,   93,    0
196600,20170316,   86,    0
196600,20170317,  101,    0
196600,20170318,  108,    0
196600,20170319,   99,    0
196600,20170320,  118,    0
196600,20170321,  120,    0
196600,20170322,  129,    0
196600,20170323,  138,    0
196600,20170324,  124,    0
196600,20170325,  136,    0
196600,20170326,  121,    0
196600,20170327,  100,    0
196600,20170328,  103,    0
196600,20170329,  133,    0
196600,20170330,  141,    0
196600,20170331,  146,    0
196600,20170401,  138,    0
196600,20170402,  146,    0
196600,20170403,  148,    0
196600,20170404,  162,    0
196600,20170405,  136,    0
196600,20170406,  123,    0
196600,20170407,  135,    0
196600,20170408,  117,    0
196600,20170409,  126,    0
196600,20170410,  141,    0
196600,20170411,  156,    0
196600,20170412,  161,    0
196600,20170413,  171,    0
196600,20170414,  177,    0
196600,20170415,  150,    0
196600,20170416,  155,    0
196600,20170417,  138,    0
196600,20170418,   83,    0
196600,20170419,   86,    0
196600,20170420,   94,    0
196600,20170421,  101,    0
196600,20170422,  108,    0
196600,20170423,  132,    0
196600,20170424,  158,    0
196600,20170425,  153,    0
196600,20170426,  153,    0
196600,20170427,  171,    0
196600,20170428,  127,    0
196600,20170429,  116,    0
196600,20170430,  111,    0
196600,20170501,  120,    0
196600,20170502,  136,    0
196600,20170503,  133,    0
196600,20170504,  142,    0
196600,20170505,  154,    0
196600,20170506,  137,    0
196600,20170507,  130,    0
196600,20170508,  158,    0
196600,20170509,  150,    0
196600,20170510,  152,    0
196600,20170511,  165,    0
196600,20170512,  189,    0
196600,20170513,  197,    0
196600,20170514,  202,    0
196600,20170515,  183,    0
196600,20170516,  197,    0
196600,20170517,  198,    0
196600,20170518,  197,    0
196600,20170519,  205,    0
196600,20170520,  149,    0
196600,20170521,  192,    0
196600,20170522,  203,    0
196600,20170523,  229,    0
196600,20170524,  220,    0
196600,20170525,  202,    0
196600,20170526,  188,    0
196600,20170527,  206,    0
196600,20170528,  221,    0
196600,20170529,  225,    0
196600,20170530,  230,    0
196600,20170531,  240,    0
196600,20170601,  230,    0
196600,20170602,  228,    0
196600,20170603,  240,    0
196600,20170604,  242,    0
196600,20170605,  228,    0
196600,20170606,  220,    0
196600,20170607,  220,    0
196600,20170608,  195,    0
196600,20170609,  202,    0
196600,20170610,  214,    0
196600,20170611,  229,    0
196600,20170612,  242,    0
196600,20170613,  249,    0
196600,20170614,  252,    0
196600,20170615,  240,    0
196600,20170616,  255,    0
196600,20170617,  254,    0
196600,20170618,  231,    0
196600,20170619,  229,    0
196600,20170620,  243,    0
196600,20170621,  266,    0
196600,20170622,  278,    0
196600,20170623,  287,    0
196600,20170624,  284,    0
196600,20170625,  243,    0
196600,20170626,  249,    0
196600,20170627,  246,    0
196600,20170628,  230,    0
196600,20170629,  229,    0
196600,20170630,  211,    0
196600,20170701,  212,    0
196600,20170702,  219,    0
196600,20170703,  236,    0
196600,20170704,  234,    0
196600,20170705,  251,    0
196600,20170706,  260,    0
196600,20170707,  267,    0
196600,20170708,  271,    0
196600,20170709,  267,    0
196600,20170710,  268,    0
196600,20170711,  245,    0
196600,20170712,  252,    0
196600,20170713,  254,    0
196600,20170714,  224,    0
196600,20170715,  236,    0
196600,20170716,  224,    0
196600,20170717,  220,    0
196600,20170718,  233,    0
196600,20170719,  245,    0
196600,20170720,  256,    0
196600,20170721,  253,    0
196600,20170722,  265,    0
196600,20170723,  275,    0
196600,20170724,  230,    0
196600,20170725,  213,    0
196600,20170726,  222,    0
196600,20170727,  240,    0
196600,20170728,  252,    0
196600,20170729,  253,    0
196600,20170730,  251,    0
196600,20170731,  260,    0
196600,20170801,  266,    0
196600,20170802,  284,    0
196600,20170803,  289,    0
196600,20170804,  296,    0
196600,20170805,  283,    0
196600,20170806,  273,    0
196600,20170807,  245,    0
196600,20170808,  252,    0
196600,20170809,  279,    0
196600,20170810,  240,    0
196600,20170811,  220,    0
196600,20170812,  201,    0
196600,20170813,  221,    0
196600,20170814,  229,    0
196600,20170815,  239,    0
196600,20170816,  239,    0
196600,20170817,  248,    0
196600,20170818,  252,    0
196600,20170819,  256,    0
196600,20170820,  222,    0
196600,20170821,  205,    0
196600,20170822,  207,    0
196600,20170823,  208,    0
196600,20170824,  227,    0
196600,20170825,  247,    0
196600,20170826,  248,    0
196600,20170827,  257,    0
196600,20170828,  247,    0
196600,20170829,  225,    0
196600,20170830,  226,    0
196600,20170831,  252,    0
196600,20170901,  224,    0
196600,20170902,  192,    0
196600,20170903,  174,    0
196600,20170904,  194,    0
196600,20170905,  204,    0
196600,20170906,  210,    0
196600,20170907,  202,    0
196600,20170908,  190,    0
196600,20170909,  210,    0
196600,20170910,  185,    0
196600,20170911,  193,    0
196600,20170912,  161,    0
196600,20170913,  176,    0
196600,20170914,  202,    0
196600,20170915,  188,    0
196600,20170916,  170,    0
196600,20170917,  175,    0
196600,20170918,  162,    0
196600,20170919,  127,    0
196600,20170920,  152,    0
196600,20170921,  150,    0
196600,20170922,  148,    0
196600,20170923,  162,    0
196600,20170924,  145,    0
196600,20170925,  149,    0
196600,20170926,  154,    0
196600,20170927,  165,    0
196600,20170928,  159,    0
196600,20170929,  151,    0
196600,20170930,  146,    0
196600,20171001,  141,    0
196600,20171002,  149,    0
196600,20171003,  152,    0
196600,20171004,  173,    0
196600,20171005,  174,    0
196600,20171006,  143,    0
196600,20171007,  128,    0
196600,20171008,  129,    0
196600,20171009,  136,    0
196600,20171010,  135,    0
196600,20171011,  137,    0
196600,20171012,  139,    0
196600,20171013,  130,    0
196600,20171014,  134,    0
196600,20171015,  138,    0
196600,20171016,  138,    0
196600,20171017,  133,    0
196600,20171018,  155,    0
196600,20171019,  142,    0
196600,20171020,  139,    0
196600,20171021,  149,    0
196600,20171022,  152,    0
196600,20171023,  105,    0
196600,20171024,   96,    0
196600,20171025,   99,    0
196600,20171026,  102,    0
196600,20171027,   99,    0
196600,20171028,   95,    0
196600,20171029,  107,    0
196600,20171030,  129,    0
196600,20171031,  100,    0
196600,20171101,   76,    0
196600,20171102,   96,    0
196600,20171103,   99,    0
196600,20171104,  120,    0
196600,20171105,  138,    0
196600,20171106,  115,    0
196600,20171107,  105,    0
196600,20171108,  101,    0
196600,20171109,   83,    0
196600,20171110,   90,    0
196600,20171111,   58,    0
196600,20171112,   79,    0
196600,20171113,   69,    0
196600,20171114,   97,    0
196600,20171115,   93,    0
196600,20171116,   77,    0
196600,20171117,   69,    0
196600,20171118,   60,    0
196600,20171119,   34,    0
196600,20171120,   33,    0
196600,20171121,   51,    0
196600,20171122,   68,    0
196600,20171123,   96,    0
196600,20171124,   88,    0
196600,20171125,  101,    0
196600,20171126,   67,    0
196600,20171127,   21,    0
196600,20171128,   22,    0
196600,20171129,   55,    0
196600,20171130,   40,    0
196600,20171201,   43,    0
196600,20171202,   56,    0
196600,20171203,   28,    0
196600,20171204,    5,    0
196600,20171205,   -5,    0
196600,20171206,    4,    0
196600,20171207,   28,    0
196600,20171208,   58,    0
196600,20171209,   34,    0
196600,20171210,   15,    0
196600,20171211,   83,    0
196600,20171212,   93,    0
196600,20171213,   30,    0
196600,20171214,   48,    0
196600,20171215,   46,    0
196600,20171216,   51,    0
196600,20171217,    9,    0
196600,20171218,    1,    0
196600,20171219,   -3,    0
196600,20171220,    6,    0
196600,20171221,   -3,    0
196600,20171222,    3,    0
196600,20171223,    6,    0
196600,20171224,    1,    0
196600,20171225,   15,    0
196600,20171226,   48,    0
196600,20171227,   89,    0
196600,20171228,   48,    0
196600,20171229,   32,    0
196600,20171230,    5,    0
196600,20171231,   17,    0
196600,20180101,   37,    0
196600,20180102,   20,    0
196600,20180103,   19,    0
196600,20180104,   37,    0
196600,20180105,   54,    0
196600,20180106,   72,    0
196600,20180107,   96,    0
196600,20180108,  122,    0
196600,20180109,  112,    0
196600,20180110,   70,    0
196600,20180111,   70,    0
196600,20180112,   62,    0
196600,20180113,   64,    0
196600,20180114,   39,    0
196600,20180115,   45,    0
196600,20180116,   47,    0
196600,20180117,   56,    0
196600,20180118,   40,    0
196600,20180119,   21,    0
196600,20180120,   26,    0
196600,20180121,   33,    0
196600,20180122,   33,    0
196600,20180123,   33,    0
196600,20180124,   23,    0
196600,20180125,   30,    0
196600,20180126,   43,    0
196600,20180127,   69,    0
196600,20180128,   55,    0
196600,20180129,   26,    0
196600,20180130,   41,    0
196600,20180131,   54,    0
196600,20180201,   90,    0
196600,20180202,   68,    0
196600,20180203,   42,    0
196600,20180204,   32,    0
196600,20180205,   58,    0
196600,20180206,   67,    0
196600,20180207,   62,    0
196600,20180208,   50,    0
196600,20180209,   42,    0
196600,20180210,   42,    0
196600,20180211,   22,    0
196600,20180212,   29,    0
196600,20180213,   33,    0
196600,20180214,    2,    0
196600,20180215,    6,    0
196600,20180216,   24,    0
196600,20180217,   34,    0
196600,20180218,   47,    0
196600,20180219,   47,    0
196600,20180220,   35,    0
196600,20180221,   52,    0
196600,20180222,   39,    0
196600,20180223,   49,    0
196600,20180224,   75,    0
196600,20180225,   14,    0
196600,20180226,  -23,    0
196600,20180227,  -23,    0
196600,20180228,  -14,    0
196600,20180301,  -10,    0
196600,20180302,   -6,    0
196600,20180303,    8,    0
196600,20180304,   12,    0
196600,20180305,   39,    0
196600,20180306,   58,    0
196600,20180307,   72,    0
196600,20180308,   79,    0
196600,20180309,   81,    0
196600,20180310,   94,    0
196600,20180311,   96,    0
196600,20180312,  101,    0
196600,20180313,   99,    0
196600,20180314,   91,    0
196600,20180315,   87,    0
196600,20180316,  107,    0
196600,20180317,   99,    0
196600,20180318,   73,    0
196600,20180319,   52,    0
196600,20180320,   56,    0
196600,20180321,   57,    0
196600,20180322,   50,    0
196600,20180323,   63,    0
196600,20180324,   58,    0
196600,20180325,   52,    0
196600,20180326,   78,    0
196600,20180327,  111,    0
196600,20180328,  110,    0
196600,20180329,  118,    0
196600,20180330,  125,    0
196600,20180331,  120,    0
196600,20180401,  122,    0
196600,20180402,  112,    0
196600,20180403,  120,    0
196600,20180404,  125,    0
196600,20180405,  123,    0
196600,20180406,  107,    0
196600,20180407,  115,    0
196600,20180408,  110,    0
196600,20180409,  124,    0
196600,20180410,  136,    0
196600,20180411,  127,    0
196600,20180412,  139,    0
196600,20180413,  136,    0
196600,20180414,  138,    0
196600,20180415,  148,    0
196600,20180416,  158,    0
196600,20180417,  162,    0
196600,20180418,  156,    0
196600,20180419,  162,    0
196600,20180420,  175,    0
196600,20180421,  173,    0
196600,20180422,  165,    0
196600,20180423,  172,    0
196600,20180424,  192,    0
196600,20180425,  200,    0
196600,20180426,  203,    0
196600,20180427,  184,    0
196600,20180428,  183,    0
196600,20180429,  190,    0
196600,20180430,  188,    0
196600,20180501,  151,    0
196600,20180502,  168,    0
196600,20180503,  162,    0
196600,20180504,  180,    0
196600,20180505,  197,    0
196600,20180506,  201,    0
196600,20180507,  204,    0
196600,20180508,  195,    0
196600,20180509,  186,    0
196600,20180510,  179,    0
196600,20180511,  188,    0
196600,20180512,  206,    0
196600,20180513,  192,    0
196600,20180514,  165,    0
196600,20180515,  152,    0
196600,20180516,  168,    0
196600,20180517,  154,    0
196600,20180518,  171,    0
196600,20180519,  182,    0
196600,20180520,  195,    0
196600,20180521,  207,    0
196600,20180522,  190,    0
196600,20180523,  189,    0
196600,20180524,  221,    0
196600,20180525,  228,    0
196600,20180526,  229,    0
196600,20180527,  234,    0
196600,20180528,  242,    0
196600,20180529,  233,    0
196600,20180530,  235,    0
196600,20180531,  241,    0
196600,20180601,  241,    0
196600,20180602,  236,    0
196600,20180603,  239,    0
196600,20180604,  233,    0
196600,20180605,  231,    0
196600,20180606,  240,    0
196600,20180607,  241,    0
196600,20180608,  201,    0
196600,20180609,  241,    0
196600,20180610,  251,    0
196600,20180611,  254,    0
196600,20180612,  251,    0
196600,20180613,  228,    0
196600,20180614,  221,    0
196600,20180615,  215,    0
196600,20180616,  231,    0
196600,20180617,  241,    0
196600,20180618,  235,    0
196600,20180619,  240,    0
196600,20180620,  244,    0
196600,20180621,  261,    0
196600,20180622,  207,    0
196600,20180623,  207,    0
196600,20180624,  199,    0
196600,20180625,  177,    0
196600,20180626,  207,    0
196600,20180627,  209,    0
196600,20180628,  218,    0
196600,20180629,  249,    0
196600,20180630,  264,    0
196600,20180701,  246,    0
196600,20180702,  244,    0
196600,20180703,  251,    0
196600,20180704,  261,    0
196600,20180705,  255,    0
196600,20180706,  242,    0
196600,20180707,  254,    0
196600,20180708,  250,    0
196600,20180709,  247,    0
196600,20180710,  261,    0
196600,20180711,  214,    0
196600,20180712,  244,    0
196600,20180713,  244,    0
196600,20180714,  254,    0
196600,20180715,  259,    0
196600,20180716,  225,    0
196600,20180717,  244,    0
196600,20180718,  264,    0
196600,20180719,  269,    0
196600,20180720,  260,    0
196600,20180721,  235,    0
196600,20180722,  244,    0
196600,20180723,  241,    0
196600,20180724,  256,    0
196600,20180725,  261,    0
196600,20180726,  252,    0
196600,20180727,  257,    0
196600,20180728,  266,    0
196600,20180729,  258,    0
196600,20180730,  279,    0
196600,20180731,  284,    0
196600,20180801,  288,    0
196600,20180802,  258,    0
196600,20180803,  273,    0
196600,20180804,  273,    0
196600,20180805,  274,    0
196600,20180806,  272,    0
196600,20180807,  271,    0
196600,20180808,  273,    0
196600,20180809,  263,    0
196600,20180810,  266,    0
196600,20180811,  263,    0
196600,20180812,  251,    0
196600,20180813,  250,    0
196600,20180814,  225,    0
196600,20180815,  236,    0
196600,20180816,  238,    0
196600,20180817,  238,    0
196600,20180818,  250,    0
196600,20180819,  255,    0
196600,20180820,  256,    0
196600,20180821,  257,    0
196600,20180822,  255,    0
196600,20180823,  262,    0
196600,20180824,  255,    0
196600,20180825,  227,    0
196600,20180826,  169,    0
196600,20180827,  189,    0
196600,20180828,  207,    0
196600,20180829,  222,    0
196600,20180830,  226,    0
196600,20180831,  220,    0
196600,20180901,  196,    0
196600,20180902,  199,    0
196600,20180903,  201,    0
196600,20180904,-9999,    9
196600,20180905,  217,    0
196600,20180906,  222,    0
196600,20180907,  209,    0
196600,20180908,  215,    0
196600,20180909,  216,    0
196600,20180910,  226,    0
196600,20180911,  227,    0
196600,20180912,  228,    0
196600,20180913,  223,    0
196600,20180914,  232,    0
196600,20180915,  210,    0
196600,20180916,  225,    0
196600,20180917,  226,    0
196600,20180918,  222,    0
196600,20180919,  218,    0
196600,20180920,  218,    0
196600,20180921,  230,    0
196600,20180922,  229,    0
196600,20180923,  228,    0
196600,20180924,-9999,    9
196600,20180925,-9999,    9
196600,20180926,-9999,    9
196600,20180927,-9999,    9
196600,20180928,-9999,    9
196600,20180929,-9999,    9
196600,20180930,-9999,    9
196600,20181001,-9999,    9
196600,20181002,-9999,    9
196600,20181003,-9999,    9
196600,20181004,-9999,    9
196600,20181005,-9999,    9
196600,20181006,-9999,    9
196600,20181007,-9999,    9
196600,20181008,-9999,    9
196600,20181009,-9999,    9
196600,20181010,-9999,    9
196600,20181011,-9999,    9
196600,20181012,-9999,    9
196600,20181013,-9999,    9
196600,20181014,-9999,    9
196600,20181015,-9999,    9
196600,20181016,-9999,    9
196600,20181017,-9999,    9
196600,20181018,-9999,    9
196600,20181019,-9999,    9
196600,20181020,-9999,    9
196600,20181021,-9999,    9
196600,20181022,-9999,    9
196600,20181023,-9999,    9
196600,20181024,-9999,    9
196600,20181025,-9999,    9
196600,20181026,-9999,    9
196600,20181027,-9999,    9
196600,20181028,-9999,    9
196600,20181029,-9999,    9
196600,20181030,-9999,    9
196600,20181031,-9999,    9
196600,20181101,-9999,    9
196600,20181102,-9999,    9
196600,20181103,-9999,    9
196600,20181104,-9999,    9
196600,20181105,-9999,    9
196600,20181106,-9999,    9
196600,20181107,-9999,    9
196600,20181108,-9999,    9
196600,20181109,-9999,    9
196600,20181110,-9999,    9
196600,20181111,-9999,    9
196600,20181112,-9999,    9
196600,20181113,-9999,    9
196600,20181114,-9999,    9
196600,20181115,-9999,    9
196600,20181116,-9999,    9
196600,20181117,-9999,    9
196600,20181118,-9999,    9
196600,20181119,-9999,    9
196600,20181120,-9999,    9
196600,20181121,-9999,    9
196600,20181122,-9999,    9
196600,20181123,-9999,    9
196600,20181124,-9999,    9
196600,20181125,-9999,    9
196600,20181126,-9999,    9
196600,20181127,-9999,    9
196600,20181128,-9999,    9
196600,20181129,-9999,    9
196600,20181130,-9999,    9
196600,20181201,-9999,    9
196600,20181202,-9999,    9
196600,20181203,-9999,    9
196600,20181204,-9999,    9
196600,20181205,-9999,    9
196600,20181206,-9999,    9
196600,20181207,-9999,    9
196600,20181208,-9999,    9
196600,20181209,-9999,    9
196600,20181210,-9999,    9
196600,20181211,-9999,    9
196600,20181212,-9999,    9
196600,20181213,-9999,    9
196600,20181214,-9999,    9
196600,20181215,-9999,    9
196600,20181216,-9999,    9
196600,20181217,-9999,    9
196600,20181218,-9999,    9
196600,20181219,-9999,    9
196600,20181220,-9999,    9
196600,20181221,-9999,    9
196600,20181222,-9999,    9
196600,20181223,-9999,    9
196600,20181224,-9999,    9
196600,20181225,-9999,    9
196600,20181226,-9999,    9
196600,20181227,-9999,    9
196600,20181228,-9999,    9
196600,20181229,-9999,    9
196600,20181230,-9999,    9
196600,20181231,-9999,    9
196600,20190101,-9999,    9
196600,20190102,-9999,    9
196600,20190103,-9999,    9
196600,20190104,-9999,    9
196600,20190105,-9999,    9
196600,20190106,-9999,    9
196600,20190107,-9999,    9
196600,20190108,-9999,    9
196600,20190109,-9999,    9
196600,20190110,-9999,    9
196600,20190111,-9999,    9
196600,20190112,-9999,    9
196600,20190113,-9999,    9
196600,20190114,-9999,    9
196600,20190115,-9999,    9
196600,20190116,-9999,    9
196600,20190117,-9999,    9
196600,20190118,-9999,    9
196600,20190119,-9999,    9
196600,20190120,-9999,    9
196600,20190121,-9999,    9
196600,20190122,-9999,    9
196600,20190123,-9999,    9
196600,20190124,-9999,    9
196600,20190125,-9999,    9
196600,20190126,-9999,    9
196600,20190127,-9999,    9
196600,20190128,-9999,    9
196600,20190129,-9999,    9
196600,20190130,-9999,    9
196600,20190131,-9999,    9
196600,20190201,-9999,    9
196600,20190202,-9999,    9
196600,20190203,-9999,    9
196600,20190204,-9999,    9
196600,20190205,-9999,    9
196600,20190206,-9999,    9
196600,20190207,-9999,    9
196600,20190208,-9999,    9
196600,20190209,-9999,    9
196600,20190210,-9999,    9
196600,20190211,-9999,    9
196600,20190212,-9999,    9
196600,20190213,-9999,    9
196600,20190214,-9999,    9
196600,20190215,-9999,    9
196600,20190216,-9999,    9
196600,20190217,-9999,    9
196600,20190218,-9999,    9
196600,20190219,-9999,    9
196600,20190220,-9999,    9
196600,20190221,-9999,    9
196600,20190222,-9999,    9
196600,20190223,-9999,    9
196600,20190224,-9999,    9
196600,20190225,-9999,    9
196600,20190226,-9999,    9
196600,20190227,-9999,    9
196600,20190228,-9999,    9
196600,20190301,-9999,    9
196600,20190302,-9999,    9
196600,20190303,-9999,    9
196600,20190304,-9999,    9
196600,20190305,-9999,    9
196600,20190306,-9999,    9
196600,20190307,-9999,    9
196600,20190308,-9999,    9
196600,20190309,-9999,    9
196600,20190310,-9999,    9
196600,20190311,-9999,    9
196600,20190312,-9999,    9
196600,20190313,-9999,    9
196600,20190314,-9999,    9
196600,20190315,-9999,    9
196600,20190316,-9999,    9
196600,20190317,-9999,    9
196600,20190318,-9999,    9
196600,20190319,-9999,    9
196600,20190320,-9999,    9
196600,20190321,-9999,    9
196600,20190322,-9999,    9
196600,20190323,-9999,    9
196600,20190324,-9999,    9
196600,20190325,-9999,    9
196600,20190326,-9999,    9
196600,20190327,-9999,    9
196600,20190328,-9999,    9
196600,20190329,-9999,    9
196600,20190330,-9999,    9
196600,20190331,-9999,    9
196600,20190401,-9999,    9
196600,20190402,-9999,    9
196600,20190403,-9999,    9
196600,20190404,-9999,    9
196600,20190405,-9999,    9
196600,20190406,-9999,    9
196600,20190407,-9999,    9
196600,20190408,-9999,    9
196600,20190409,-9999,    9
196600,20190410,-9999,    9
196600,20190411,-9999,    9
196600,20190412,-9999,    9
196600,20190413,-9999,    9
196600,20190414,-9999,    9
196600,20190415,-9999,    9
196600,20190416,-9999,    9
196600,20190417,-9999,    9
196600,20190418,-9999,    9
196600,20190419,-9999,    9
196600,20190420,-9999,    9
196600,20190421,-9999,    9
196600,20190422,-9999,    9
196600,20190423,-9999,    9
196600,20190424,-9999,    9
196600,20190425,-9999,    9
196600,20190426,-9999,    9
196600,20190427,-9999,    9
196600,20190428,-9999,    9
196600,20190429,-9999,    9
196600,20190430,-9999,    9
196600,20190501,-9999,    9
196600,20190502,-9999,    9
196600,20190503,-9999,    9
196600,20190504,-9999,    9
196600,20190505,-9999,    9
196600,20190506,-9999,    9
196600,20190507,-9999,    9
196600,20190508,-9999,    9
196600,20190509,-9999,    9
196600,20190510,-9999,    9
196600,20190511,-9999,    9
196600,20190512,-9999,    9
196600,20190513,-9999,    9
196600,20190514,-9999,    9
196600,20190515,-9999,    9
196600,20190516,-9999,    9
196600,20190517,-9999,    9
196600,20190518,-9999,    9
196600,20190519,-9999,    9
196600,20190520,-9999,    9
196600,20190521,-9999,    9
196600,20190522,-9999,    9
196600,20190523,-9999,    9
196600,20190524,-9999,    9
196600,20190525,-9999,    9
196600,20190526,-9999,    9
196600,20190527,-9999,    9
196600,20190528,-9999,    9
196600,20190529,-9999,    9
196600,20190530,-9999,    9
196600,20190531,-9999,    9
196600,20190601,-9999,    9
196600,20190602,-9999,    9
196600,20190603,-9999,    9
196600,20190604,-9999,    9
196600,20190605,-9999,    9
196600,20190606,-9999,    9
196600,20190607,-9999,    9
196600,20190608,-9999,    9
196600,20190609,-9999,    9
196600,20190610,-9999,    9
196600,20190611,-9999,    9
196600,20190612,-9999,    9
196600,20190613,-9999,    9
196600,20190614,-9999,    9
196600,20190615,-9999,    9
196600,20190616,-9999,    9
196600,20190617,-9999,    9
196600,20190618,-9999,    9
196600,20190619,-9999,    9
196600,20190620,-9999,    9
196600,20190621,-9999,    9
196600,20190622,-9999,    9
196600,20190623,-9999,    9
196600,20190624,-9999,    9
196600,20190625,-9999,    9
196600,20190626,-9999,    9
196600,20190627,-9999,    9
196600,20190628,-9999,    9
196600,20190629,-9999,    9
196600,20190630,-9999,    9
196600,20190701,-9999,    9
196600,20190702,-9999,    9
196600,20190703,-9999,    9
196600,20190704,-9999,    9
196600,20190705,-9999,    9
196600,20190706,-9999,    9
196600,20190707,-9999,    9
196600,20190708,-9999,    9
196600,20190709,-9999,    9
196600,20190710,-9999,    9
196600,20190711,-9999,    9
196600,20190712,-9999,    9
196600,20190713,-9999,    9
196600,20190714,-9999,    9
196600,20190715,-9999,    9
196600,20190716,-9999,    9
196600,20190717,-9999,    9
196600,20190718,-9999,    9
196600,20190719,-9999,    9
196600,20190720,-9999,    9
196600,20190721,-9999,    9
196600,20190722,-9999,    9
196600,20190723,-9999,    9
196600,20190724,-9999,    9
196600,20190725,-9999,    9
196600,20190726,-9999,    9
196600,20190727,-9999,    9
196600,20190728,-9999,    9
196600,20190729,-9999,    9
196600,20190730,-9999,    9
196600,20190731,-9999,    9
196600,20190801,-9999,    9
196600,20190802,-9999,    9
196600,20190803,-9999,    9
196600,20190804,-9999,    9
196600,20190805,-9999,    9
196600,20190806,-9999,    9
196600,20190807,-9999,    9
196600,20190808,-9999,    9
196600,20190809,-9999,    9
196600,20190810,-9999,    9
196600,20190811,-9999,    9
196600,20190812,-9999,    9
196600,20190813,-9999,    9
196600,20190814,-9999,    9
196600,20190815,-9999,    9
196600,20190816,-9999,    9
196600,20190817,-9999,    9
196600,20190818,-9999,    9
196600,20190819,-9999,    9
196600,20190820,-9999,    9
196600,20190821,-9999,    9
196600,20190822,-9999,    9
196600,20190823,-9999,    9
196600,20190824,-9999,    9
196600,20190825,-9999,    9
196600,20190826,-9999,    9
196600,20190827,-9999,    9
196600,20190828,-9999,    9
196600,20190829,-9999,    9
196600,20190830,-9999,    9
196600,20190831,-9999,    9
196600,20190901,-9999,    9
196600,20190902,-9999,    9
196600,20190903,-9999,    9
196600,20190904,-9999,    9
196600,20190905,-9999,    9
196600,20190906,-9999,    9
196600,20190907,-9999,    9
196600,20190908,-9999,    9
196600,20190909,-9999,    9
196600,20190910,-9999,    9
196600,20190911,-9999,    9
196600,20190912,-9999,    9
196600,20190913,-9999,    9
196600,20190914,-9999,    9
196600,20190915,-9999,    9
196600,20190916,-9999,    9
196600,20190917,-9999,    9
196600,20190918,-9999,    9
196600,20190919,-9999,    9
196600,20190920,-9999,    9
196600,20190921,-9999,    9
196600,20190922,-9999,    9
196600,20190923,-9999,    9
196600,20190924,-9999,    9
196600,20190925,-9999,    9
196600,20190926,-9999,    9
196600,20190927,-9999,    9
196600,20190928,-9999,    9
196600,20190929,-9999,    9
196600,20190930,-9999,    9
196600,20191001,-9999,    9
196600,20191002,-9999,    9
196600,20191003,-9999,    9
196600,20191004,-9999,    9
196600,20191005,-9999,    9
196600,20191006,-9999,    9
196600,20191007,-9999,    9
196600,20191008,-9999,    9
196600,20191009,-9999,    9
196600,20191010,-9999,    9
196600,20191011,-9999,    9
196600,20191012,-9999,    9
196600,20191013,-9999,    9
196600,20191014,-9999,    9
196600,20191015,-9999,    9
196600,20191016,-9999,    9
196600,20191017,-9999,    9
196600,20191018,-9999,    9
196600,20191019,-9999,    9
196600,20191020,-9999,    9
196600,20191021,-9999,    9
196600,20191022,-9999,    9
196600,20191023,-9999,    9
196600,20191024,-9999,    9
196600,20191025,-9999,    9
196600,20191026,-9999,    9
196600,20191027,-9999,    9
196600,20191028,-9999,    9
196600,20191029,-9999,    9
196600,20191030,-9999,    9
196600,20191031,-9999,    9
196600,20191101,-9999,    9
196600,20191102,-9999,    9
196600,20191103,-9999,    9
196600,20191104,-9999,    9
196600,20191105,-9999,    9
196600,20191106,-9999,    9
196600,20191107,-9999,    9
196600,20191108,-9999,    9
196600,20191109,-9999,    9
196600,20191110,-9999,    9
196600,20191111,-9999,    9
196600,20191112,-9999,    9
196600,20191113,-9999,    9
196600,20191114,-9999,    9
196600,20191115,-9999,    9
196600,20191116,-9999,    9
196600,20191117,-9999,    9
196600,20191118,-9999,    9
196600,20191119,-9999,    9
196600,20191120,-9999,    9
196600,20191121,-9999,    9
196600,20191122,-9999,    9
196600,20191123,-9999,    9
196600,20191124,-9999,    9
196600,20191125,-9999,    9
196600,20191126,-9999,    9
196600,20191127,-9999,    9
196600,20191128,-9999,    9
196600,20191129,-9999,    9
196600,20191130,-9999,    9
196600,20191201,-9999,    9
196600,20191202,-9999,    9
196600,20191203,-9999,    9
196600,20191204,-9999,    9
196600,20191205,-9999,    9
196600,20191206,-9999,    9
196600,20191207,-9999,    9
196600,20191208,-9999,    9
196600,20191209,-9999,    9
196600,20191210,-9999,    9
196600,20191211,-9999,    9
196600,20191212,-9999,    9
196600,20191213,-9999,    9
196600,20191214,-9999,    9
196600,20191215,-9999,    9
196600,20191216,-9999,    9
196600,20191217,-9999,    9
196600,20191218,-9999,    9
196600,20191219,-9999,    9
196600,20191220,-9999,    9
196600,20191221,-9999,    9
196600,20191222,-9999,    9
196600,20191223,-9999,    9
196600,20191224,-9999,    9
196600,20191225,-9999,    9
196600,20191226,-9999,    9
196600,20191227,-9999,    9
196600,20191228,-9999,    9
196600,20191229,-9999,    9
196600,20191230,-9999,    9
196600,20191231,-9999,    9
196600,20200101,-9999,    9
196600,20200102,-9999,    9
196600,20200103,-9999,    9
196600,20200104,-9999,    9
196600,20200105,-9999,    9
196600,20200106,-9999,    9
196600,20200107,-9999,    9
196600,20200108,-9999,    9
196600,20200109,-9999,    9
196600,20200110,-9999,    9
196600,20200111,-9999,    9
196600,20200112,-9999,    9
196600,20200113,-9999,    9
196600,20200114,-9999,    9
196600,20200115,-9999,    9
196600,20200116,-9999,    9
196600,20200117,-9999,    9
196600,20200118,-9999,    9
196600,20200119,-9999,    9
196600,20200120,-9999,    9
196600,20200121,-9999,    9
196600,20200122,-9999,    9
196600,20200123,-9999,    9
196600,20200124,-9999,    9
196600,20200125,-9999,    9
196600,20200126,-9999,    9
196600,20200127,-9999,    9
196600,20200128,-9999,    9
196600,20200129,-9999,    9
196600,20200130,-9999,    9
196600,20200131,-9999,    9
196600,20200201,-9999,    9
196600,20200202,-9999,    9
196600,20200203,-9999,    9
196600,20200204,-9999,    9
196600,20200205,-9999,    9
196600,20200206,-9999,    9
196600,20200207,-9999,    9
196600,20200208,-9999,    9
196600,20200209,-9999,    9
196600,20200210,-9999,    9
196600,20200211,-9999,    9
196600,20200212,-9999,    9
196600,20200213,-9999,    9
196600,20200214,-9999,    9
196600,20200215,-9999,    9
196600,20200216,-9999,    9
196600,20200217,-9999,    9
196600,20200218,-9999,    9
196600,20200219,-9999,    9
196600,20200220,-9999,    9
196600,20200221,-9999,    9
196600,20200222,-9999,    9
196600,20200223,-9999,    9
196600,20200224,-9999,    9
196600,20200225,-9999,    9
196600,20200226,-9999,    9
196600,20200227,-9999,    9
196600,20200228,-9999,    9
196600,20200229,-9999,    9
196600,20200301,-9999,    9
196600,20200302,-9999,    9
196600,20200303,-9999,    9
196600,20200304,-9999,    9
196600,20200305,-9999,    9
196600,20200306,-9999,    9
196600,20200307,-9999,    9
196600,20200308,-9999,    9
196600,20200309,-9999,    9
196600,20200310,-9999,    9
196600,20200311,-9999,    9
196600,20200312,-9999,    9
196600,20200313,-9999,    9
196600,20200314,-9999,    9
196600,20200315,-9999,    9
196600,20200316,-9999,    9
196600,20200317,-9999,    9
196600,20200318,-9999,    9
196600,20200319,-9999,    9
196600,20200320,-9999,    9
196600,20200321,-9999,    9
196600,20200322,-9999,    9
196600,20200323,-9999,    9
196600,20200324,-9999,    9
196600,20200325,-9999,    9
196600,20200326,-9999,    9
196600,20200327,-9999,    9
196600,20200328,-9999,    9
196600,20200329,-9999,    9
196600,20200330,-9999,    9
196600,20200331,-9999,    9
196600,20200401,-9999,    9
196600,20200402,-9999,    9
196600,20200403,-9999,    9
196600,20200404,-9999,    9
196600,20200405,-9999,    9
196600,20200406,-9999,    9
196600,20200407,-9999,    9
196600,20200408,-9999,    9
196600,20200409,-9999,    9
196600,20200410,-9999,    9
196600,20200411,-9999,    9
196600,20200412,-9999,    9
196600,20200413,-9999,    9
196600,20200414,-9999,    9
196600,20200415,-9999,    9
196600,20200416,-9999,    9
196600,20200417,-9999,    9
196600,20200418,-9999,    9
196600,20200419,-9999,    9
196600,20200420,-9999,    9
196600,20200421,-9999,    9
196600,20200422,-9999,    9
196600,20200423,-9999,    9
196600,20200424,-9999,    9
196600,20200425,-9999,    9
196600,20200426,-9999,    9
196600,20200427,-9999,    9
196600,20200428,-9999,    9
196600,20200429,-9999,    9
196600,20200430,-9999,    9
196600,20200501,-9999,    9
196600,20200502,-9999,    9
196600,20200503,-9999,    9
196600,20200504,-9999,    9
196600,20200505,-9999,    9
196600,20200506,-9999,    9
196600,20200507,-9999,    9
196600,20200508,-9999,    9
196600,20200509,-9999,    9
196600,20200510,-9999,    9
196600,20200511,-9999,    9
196600,20200512,-9999,    9
196600,20200513,-9999,    9
196600,20200514,-9999,    9
196600,20200515,-9999,    9
196600,20200516,-9999,    9
196600,20200517,-9999,    9
196600,20200518,-9999,    9
196600,20200519,-9999,    9
196600,20200520,-9999,    9
196600,20200521,-9999,    9
196600,20200522,-9999,    9
196600,20200523,-9999,    9
196600,20200524,-9999,    9
196600,20200525,-9999,    9
196600,20200526,-9999,    9
196600,20200527,-9999,    9
196600,20200528,-9999,    9
196600,20200529,-9999,    9
196600,20200530,-9999,    9
196600,20200531,-9999,    9
196600,20200601,-9999,    9
196600,20200602,-9999,    9
196600,20200603,-9999,    9
196600,20200604,-9999,    9
196600,20200605,-9999,    9
196600,20200606,-9999,    9
196600,20200607,-9999,    9
196600,20200608,-9999,    9
196600,20200609,-9999,    9
196600,20200610,-9999,    9
196600,20200611,-9999,    9
196600,20200612,-9999,    9
196600,20200613,-9999,    9
196600,20200614,-9999,    9
196600,20200615,-9999,    9
196600,20200616,-9999,    9
196600,20200617,-9999,    9
196600,20200618,-9999,    9
196600,20200619,-9999,    9
196600,20200620,-9999,    9
196600,20200621,-9999,    9
196600,20200622,-9999,    9
196600,20200623,-9999,    9
196600,20200624,-9999,    9
196600,20200625,-9999,    9
196600,20200626,-9999,    9
196600,20200627,-9999,    9
196600,20200628,-9999,    9
196600,20200629,-9999,    9
196600,20200630,-9999,    9
196600,20200701,-9999,    9
196600,20200702,-9999,    9
196600,20200703,-9999,    9
196600,20200704,-9999,    9
196600,20200705,-9999,    9
196600,20200706,-9999,    9
196600,20200707,-9999,    9
196600,20200708,-9999,    9
196600,20200709,-9999,    9
196600,20200710,-9999,    9
196600,20200711,-9999,    9
196600,20200712,-9999,    9
196600,20200713,-9999,    9
196600,20200714,-9999,    9
196600,20200715,-9999,    9
196600,20200716,-9999,    9
196600,20200717,-9999,    9
196600,20200718,-9999,    9
196600,20200719,-9999,    9
196600,20200720,-9999,    9
196600,20200721,-9999,    9
196600,20200722,-9999,    9
196600,20200723,-9999,    9
196600,20200724,-9999,    9
196600,20200725,-9999,    9
196600,20200726,-9999,    9
196600,20200727,-9999,    9
196600,20200728,-9999,    9
196600,20200729,-9999,    9
196600,20200730,-9999,    9
196600,20200731,-9999,    9
196600,20200801,-9999,    9
196600,20200802,-9999,    9
196600,20200803,-9999,    9
196600,20200804,-9999,    9
196600,20200805,-9999,    9
196600,20200806,-9999,    9
196600,20200807,-9999,    9
196600,20200808,-9999,    9
196600,20200809,-9999,    9
196600,20200810,-9999,    9
196600,20200811,-9999,    9
196600,20200812,-9999,    9
196600,20200813,-9999,    9
196600,20200814,-9999,    9
196600,20200815,-9999,    9
196600,20200816,-9999,    9
196600,20200817,-9999,    9
196600,20200818,-9999,    9
196600,20200819,-9999,    9
196600,20200820,-9999,    9
196600,20200821,-9999,    9
196600,20200822,-9999,    9
196600,20200823,-9999,    9
196600,20200824,-9999,    9
196600,20200825,-9999,    9
196600,20200826,-9999,    9
196600,20200827,-9999,    9
196600,20200828,-9999,    9
196600,20200829,-9999,    9
196600,20200830,-9999,    9
196600,20200831,-9999,    9
196600,20200901,-9999,    9
196600,20200902,-9999,    9
196600,20200903,-9999,    9
196600,20200904,-9999,    9
196600,20200905,-9999,    9
196600,20200906,-9999,    9
196600,20200907,-9999,    9
196600,20200908,-9999,    9
196600,20200909,-9999,    9
196600,20200910,-9999,    9
196600,20200911,-9999,    9
196600,20200912,-9999,    9
196600,20200913,-9999,    9
196600,20200914,-9999,    9
196600,20200915,-9999,    9
196600,20200916,-9999,    9
196600,20200917,-9999,    9
196600,20200918,-9999,    9
196600,20200919,-9999,    9
196600,20200920,-9999,    9
196600,20200921,-9999,    9
196600,20200922,-9999,    9
196600,20200923,-9999,    9
196600,20200924,-9999,    9
196600,20200925,-9999,    9
196600,20200926,-9999,    9
196600,20200927,-9999,    9
196600,20200928,-9999,    9
196600,20200929,-9999,    9
196600,20200930,-9999,    9
196600,20201001,-9999,    9
196600,20201002,-9999,    9
196600,20201003,-9999,    9
196600,20201004,-9999,    9
196600,20201005,-9999,    9
196600,20201006,-9999,    9
196600,20201007,-9999,    9
196600,20201008,-9999,    9
196600,20201009,-9999,    9
196600,20201010,-9999,    9
196600,20201011,-9999,    9
196600,20201012,-9999,    9
196600,20201013,-9999,    9
196600,20201014,-9999,    9
196600,20201015,-9999,    9
196600,20201016,-9999,    9
196600,20201017,-9999,    9
196600,20201018,-9999,    9
196600,20201019,-9999,    9
196600,20201020,-9999,    9
196600,20201021,-9999,    9
196600,20201022,-9999,    9
196600,20201023,-9999,    9
196600,20201024,-9999,    9
196600,20201025,-9999,    9
196600,20201026,-9999,    9
196600,20201027,-9999,    9
196600,20201028,-9999,    9
196600,20201029,-9999,    9
196600,20201030,-9999,    9
196600,20201031,-9999,    9
196600,20201101,-9999,    9
196600,20201102,-9999,    9
196600,20201103,-9999,    9
196600,20201104,-9999,    9
196600,20201105,-9999,    9
196600,20201106,-9999,    9
196600,20201107,-9999,    9
196600,20201108,-9999,    9
196600,20201109,-9999,    9
196600,20201110,-9999,    9
196600,20201111,-9999,    9
196600,20201112,-9999,    9
196600,20201113,-9999,    9
196600,20201114,-9999,    9
196600,20201115,-9999,    9
196600,20201116,-9999,    9
196600,20201117,-9999,    9
196600,20201118,-9999,    9
196600,20201119,-9999,    9
196600,20201120,-9999,    9
196600,20201121,-9999,    9
196600,20201122,-9999,    9
196600,20201123,-9999,    9
196600,20201124,-9999,    9
196600,20201125,-9999,    9
196600,20201126,-9999,    9
196600,20201127,-9999,    9
196600,20201128,-9999,    9
196600,20201129,-9999,    9
196600,20201130,-9999,    9
196600,20201201,-9999,    9
196600,20201202,-9999,    9
196600,20201203,-9999,    9
196600,20201204,-9999,    9
196600,20201205,-9999,    9
196600,20201206,-9999,    9
196600,20201207,-9999,    9
196600,20201208,-9999,    9
196600,20201209,-9999,    9
196600,20201210,-9999,    9
196600,20201211,-9999,    9
196600,20201212,-9999,    9
196600,20201213,-9999,    9
196600,20201214,-9999,    9
196600,20201215,-9999,    9
196600,20201216,-9999,    9
196600,20201217,-9999,    9
196600,20201218,-9999,    9
196600,20201219,-9999,    9
196600,20201220,-9999,    9
196600,20201221,-9999,    9
196600,20201222,-9999,    9
196600,20201223,-9999,    9
196600,20201224,-9999,    9
196600,20201225,-9999,    9
196600,20201226,-9999,    9
196600,20201227,-9999,    9
196600,20201228,-9999,    9
196600,20201229,-9999,    9
196600,20201230,-9999,    9
196600,20201231,-9999,    9
196600,20210101,-9999,    9
196600,20210102,-9999,    9
196600,20210103,-9999,    9
196600,20210104,-9999,    9
196600,20210105,-9999,    9
196600,20210106,-9999,    9
196600,20210107,-9999,    9
196600,20210108,-9999,    9
196600,20210109,-9999,    9
196600,20210110,-9999,    9
196600,20210111,-9999,    9
196600,20210112,-9999,    9
196600,20210113,-9999,    9
196600,20210114,-9999,    9
196600,20210115,-9999,    9
196600,20210116,-9999,    9
196600,20210117,-9999,    9
196600,20210118,-9999,    9
196600,20210119,-9999,    9
196600,20210120,-9999,    9
196600,20210121,-9999,    9
196600,20210122,-9999,    9
196600,20210123,-9999,    9
196600,20210124,-9999,    9
196600,20210125,-9999,    9
196600,20210126,-9999,    9
196600,20210127,-9999,    9
196600,20210128,-9999,    9
196600,20210129,-9999,    9
196600,20210130,-9999,    9
196600,20210131,-9999,    9
196600,20210201,-9999,    9
196600,20210202,-9999,    9
196600,20210203,-9999,    9
196600,20210204,-9999,    9
196600,20210205,-9999,    9
196600,20210206,-9999,    9
196600,20210207,-9999,    9
196600,20210208,-9999,    9
196600,20210209,-9999,    9
196600,20210210,-9999,    9
196600,20210211,-9999,    9
196600,20210212,-9999,    9
196600,20210213,-9999,    9
196600,20210214,-9999,    9
196600,20210215,-9999,    9
196600,20210216,-9999,    9
196600,20210217,-9999,    9
196600,20210218,-9999,    9
196600,20210219,-9999,    9
196600,20210220,-9999,    9
196600,20210221,-9999,    9
196600,20210222,-9999,    9
196600,20210223,-9999,    9
196600,20210224,-9999,    9
196600,20210225,-9999,    9
196600,20210226,-9999,    9
196600,20210227,-9999,    9
196600,20210228,-9999,    9
196600,20210301,-9999,    9
196600,20210302,-9999,    9
196600,20210303,-9999,    9
196600,20210304,-9999,    9
196600,20210305,-9999,    9
196600,20210306,-9999,    9
196600,20210307,-9999,    9
196600,20210308,-9999,    9
196600,20210309,-9999,    9
196600,20210310,-9999,    9
196600,20210311,-9999,    9
196600,20210312,-9999,    9
196600,20210313,-9999,    9
196600,20210314,-9999,    9
196600,20210315,-9999,    9
196600,20210316,-9999,    9
196600,20210317,-9999,    9
196600,20210318,-9999,    9
196600,20210319,-9999,    9
196600,20210320,-9999,    9
196600,20210321,-9999,    9
196600,20210322,-9999,    9
196600,20210323,-9999,    9
196600,20210324,-9999,    9
196600,20210325,-9999,    9
196600,20210326,-9999,    9
196600,20210327,-9999,    9
196600,20210328,-9999,    9
196600,20210329,-9999,    9
196600,20210330,-9999,    9
196600,20210331,-9999,    9
196600,20210401,-9999,    9
196600,20210402,-9999,    9
196600,20210403,-9999,    9
196600,20210404,-9999,    9
196600,20210405,-9999,    9
196600,20210406,-9999,    9
196600,20210407,-9999,    9
196600,20210408,-9999,    9
196600,20210409,-9999,    9
196600,20210410,-9999,    9
196600,20210411,-9999,    9
196600,20210412,-9999,    9
196600,20210413,-9999,    9
196600,20210414,-9999,    9
196600,20210415,-9999,    9
196600,20210416,-9999,    9
196600,20210417,-9999,    9
196600,20210418,-9999,    9
196600,20210419,-9999,    9
196600,20210420,-9999,    9
196600,20210421,-9999,    9
196600,20210422,-9999,    9
196600,20210423,-9999,    9
196600,20210424,-9999,    9
196600,20210425,-9999,    9
196600,20210426,-9999,    9
196600,20210427,-9999,    9
196600,20210428,-9999,    9
196600,20210429,-9999,    9
196600,20210430,-9999,    9
196600,20210501,-9999,    9
196600,20210502,-9999,    9
196600,20210503,-9999,    9
196600,20210504,-9999,    9
196600,20210505,-9999,    9
196600,20210506,-9999,    9
196600,20210507,-9999,    9
196600,20210508,-9999,    9
196600,20210509,-9999,    9
196600,20210510,-9999,    9
196600,20210511,-9999,    9
196600,20210512,-9999,    9
196600,20210513,-9999,    9
196600,20210514,-9999,    9
196600,20210515,-9999,    9
196600,20210516,-9999,    9
196600,20210517,-9999,    9
196600,20210518,-9999,    9
196600,20210519,-9999,    9
196600,20210520,-9999,    9
196600,20210521,-9999,    9
196600,20210522,-9999,    9
196600,20210523,-9999,    9
196600,20210524,-9999,    9
196600,20210525,-9999,    9
196600,20210526,-9999,    9
196600,20210527,-9999,    9
196600,20210528,-9999,    9
196600,20210529,-9999,    9
196600,20210530,-9999,    9
196600,20210531,-9999,    9
196600,20210601,-9999,    9
196600,20210602,-9999,    9
196600,20210603,-9999,    9
196600,20210604,-9999,    9
196600,20210605,-9999,    9
196600,20210606,-9999,    9
196600,20210607,-9999,    9
196600,20210608,-9999,    9
196600,20210609,-9999,    9
196600,20210610,-9999,    9
196600,20210611,-9999,    9
196600,20210612,-9999,    9
196600,20210613,-9999,    9
196600,20210614,-9999,    9
196600,20210615,-9999,    9
196600,20210616,-9999,    9
196600,20210617,-9999,    9
196600,20210618,-9999,    9
196600,20210619,-9999,    9
196600,20210620,-9999,    9
196600,20210621,-9999,    9
196600,20210622,-9999,    9
196600,20210623,-9999,    9
196600,20210624,-9999,    9
196600,20210625,-9999,    9
196600,20210626,-9999,    9
196600,20210627,-9999,    9
196600,20210628,-9999,    9
196600,20210629,-9999,    9
196600,20210630,-9999,    9
196600,20210701,-9999,    9
196600,20210702,-9999,    9
196600,20210703,-9999,    9
196600,20210704,-9999,    9
196600,20210705,-9999,    9
196600,20210706,-9999,    9
196600,20210707,-9999,    9
196600,20210708,-9999,    9
196600,20210709,-9999,    9
196600,20210710,-9999,    9
196600,20210711,-9999,    9
196600,20210712,-9999,    9
196600,20210713,-9999,    9
196600,20210714,-9999,    9
196600,20210715,-9999,    9
196600,20210716,-9999,    9
196600,20210717,-9999,    9
196600,20210718,-9999,    9
196600,20210719,-9999,    9
196600,20210720,-9999,    9
196600,20210721,-9999,    9
196600,20210722,-9999,    9
196600,20210723,-9999,    9
196600,20210724,-9999,    9
196600,20210725,-9999,    9
196600,20210726,-9999,    9
196600,20210727,-9999,    9
196600,20210728,-9999,    9
196600,20210729,-9999,    9
196600,20210730,-9999,    9
196600,20210731,-9999,    9
196600,20210801,-9999,    9
196600,20210802,-9999,    9
196600,20210803,-9999,    9
196600,20210804,-9999,    9
196600,20210805,-9999,    9
196600,20210806,-9999,    9
196600,20210807,-9999,    9
196600,20210808,-9999,    9
196600,20210809,-9999,    9
196600,20210810,-9999,    9
196600,20210811,-9999,    9
196600,20210812,-9999,    9
196600,20210813,-9999,    9
196600,20210814,-9999,    9
196600,20210815,-9999,    9
196600,20210816,-9999,    9
196600,20210817,-9999,    9
196600,20210818,-9999,    9
196600,20210819,-9999,    9
196600,20210820,-9999,    9
196600,20210821,-9999,    9
196600,20210822,-9999,    9
196600,20210823,-9999,    9
196600,20210824,-9999,    9
196600,20210825,-9999,    9
196600,20210826,-9999,    9
196600,20210827,-9999,    9
196600,20210828,-9999,    9
196600,20210829,-9999,    9
196600,20210830,-9999,    9
196600,20210831,-9999,    9
196600,20210901,-9999,    9
196600,20210902,-9999,    9
196600,20210903,-9999,    9
196600,20210904,-9999,    9
196600,20210905,-9999,    9
196600,20210906,-9999,    9
196600,20210907,-9999,    9
196600,20210908,-9999,    9
196600,20210909,-9999,    9
196600,20210910,-9999,    9
196600,20210911,-9999,    9
196600,20210912,-9999,    9
196600,20210913,-9999,    9
196600,20210914,-9999,    9
196600,20210915,-9999,    9
196600,20210916,-9999,    9
196600,20210917,-9999,    9
196600,20210918,-9999,    9
196600,20210919,-9999,    9
196600,20210920,-9999,    9
196600,20210921,-9999,    9
196600,20210922,-9999,    9
196600,20210923,-9999,    9
196600,20210924,-9999,    9
196600,20210925,-9999,    9
196600,20210926,-9999,    9
196600,20210927,-9999,    9
196600,20210928,-9999,    9
196600,20210929,-9999,    9
196600,20210930,-9999,    9
196600,20211001,-9999,    9
196600,20211002,-9999,    9
196600,20211003,-9999,    9
196600,20211004,-9999,    9
196600,20211005,-9999,    9
196600,20211006,-9999,    9
196600,20211007,-9999,    9
196600,20211008,-9999,    9
196600,20211009,-9999,    9
196600,20211010,-9999,    9
196600,20211011,-9999,    9
196600,20211012,-9999,    9
196600,20211013,-9999,    9
196600,20211014,-9999,    9
196600,20211015,-9999,    9
196600,20211016,-9999,    9
196600,20211017,-9999,    9
196600,20211018,-9999,    9
196600,20211019,-9999,    9
196600,20211020,-9999,    9
196600,20211021,-9999,    9
196600,20211022,-9999,    9
196600,20211023,-9999,    9
196600,20211024,-9999,    9
196600,20211025,-9999,    9
196600,20211026,-9999,    9
196600,20211027,-9999,    9
196600,20211028,-9999,    9
196600,20211029,-9999,    9
196600,20211030,-9999,    9
196600,20211031,-9999,    9
196600,20211101,-9999,    9
196600,20211102,-9999,    9
196600,20211103,-9999,    9
196600,20211104,-9999,    9
196600,20211105,-9999,    9
196600,20211106,-9999,    9
196600,20211107,-9999,    9
196600,20211108,-9999,    9
196600,20211109,-9999,    9
196600,20211110,-9999,    9
196600,20211111,-9999,    9
196600,20211112,-9999,    9
196600,20211113,-9999,    9
196600,20211114,-9999,    9
196600,20211115,-9999,    9
196600,20211116,-9999,    9
196600,20211117,-9999,    9
196600,20211118,-9999,    9
196600,20211119,-9999,    9
196600,20211120,-9999,    9
196600,20211121,-9999,    9
196600,20211122,-9999,    9
196600,20211123,-9999,    9
196600,20211124,-9999,    9
196600,20211125,-9999,    9
196600,20211126,-9999,    9
196600,20211127,-9999,    9
196600,20211128,-9999,    9
196600,20211129,-9999,    9
196600,20211130,-9999,    9
196600,20211201,-9999,    9
196600,20211202,-9999,    9
196600,20211203,-9999,    9
196600,20211204,-9999,    9
196600,20211205,-9999,    9
196600,20211206,-9999,    9
196600,20211207,-9999,    9
196600,20211208,-9999,    9
196600,20211209,-9999,    9
196600,20211210,-9999,    9
196600,20211211,-9999,    9
196600,20211212,-9999,    9
196600,20211213,-9999,    9
196600,20211214,-9999,    9
196600,20211215,-9999,    9
196600,20211216,-9999,    9
196600,20211217,-9999,    9
196600,20211218,-9999,    9
196600,20211219,-9999,    9
196600,20211220,-9999,    9
196600,20211221,-9999,    9
196600,20211222,-9999,    9
196600,20211223,-9999,    9
196600,20211224,-9999,    9
196600,20211225,-9999,    9
196600,20211226,-9999,    9
196600,20211227,-9999,    9
196600,20211228,-9999,    9
196600,20211229,-9999,    9
196600,20211230,-9999,    9
196600,20211231,-9999,    9
196600,20220101,-9999,    9
196600,20220102,-9999,    9
196600,20220103,-9999,    9
196600,20220104,-9999,    9
196600,20220105,-9999,    9
196600,20220106,-9999,    9
196600,20220107,-9999,    9
196600,20220108,-9999,    9
196600,20220109,-9999,    9
196600,20220110,-9999,    9
196600,20220111,-9999,    9
196600,20220112,-9999,    9
196600,20220113,-9999,    9
196600,20220114,-9999,    9
196600,20220115,-9999,    9
196600,20220116,-9999,    9
196600,20220117,-9999,    9
196600,20220118,-9999,    9
196600,20220119,-9999,    9
196600,20220120,-9999,    9
196600,20220121,-9999,    9
196600,20220122,-9999,    9
196600,20220123,-9999,    9
196600,20220124,-9999,    9
196600,20220125,-9999,    9
196600,20220126,-9999,    9
196600,20220127,-9999,    9
196600,20220128,-9999,    9
196600,20220129,-9999,    9
196600,20220130,-9999,    9
196600,20220131,-9999,    9
196600,20220201,-9999,    9
196600,20220202,-9999,    9
196600,20220203,-9999,    9
196600,20220204,-9999,    9
196600,20220205,-9999,    9
196600,20220206,-9999,    9
196600,20220207,-9999,    9
196600,20220208,-9999,    9
196600,20220209,-9999,    9
196600,20220210,-9999,    9
196600,20220211,-9999,    9
196600,20220212,-9999,    9
196600,20220213,-9999,    9
196600,20220214,-9999,    9
196600,20220215,-9999,    9
196600,20220216,-9999,    9
196600,20220217,-9999,    9
196600,20220218,-9999,    9
196600,20220219,-9999,    9
196600,20220220,-9999,    9
196600,20220221,-9999,    9
196600,20220222,-9999,    9
196600,20220223,-9999,    9
196600,20220224,-9999,    9
196600,20220225,-9999,    9
196600,20220226,-9999,    9
196600,20220227,-9999,    9
196600,20220228,-9999,    9
