EUROPEAN CLIMATE ASSESSMENT & DATASET (ECA&D), file created on 08-04-2022
THESE DATA CAN BE USED FREELY PROVIDED THAT THE FOLLOWING SOURCE IS ACKNOWLEDGED:

Klein Tank, A.M.G. and Coauthors, 2002. Daily dataset of 20th-century surface
air temperature and precipitation series for the European Climate Assessment.
Int. J. of Climatol., 22, 1441-1453.
Data and metadata available at http://www.ecad.eu

FILE FORMAT (MISSING VALUE CODE IS -9999):

01-06 SOUID: Source identifier
08-15 DATE : Date YYYYMMDD
17-21 TG   : mean temperature in 0.1 &#176;C
23-27 Q_TG : Quality code for TG (0='valid'; 1='suspect'; 9='missing')

This is the blended series of station ITALY, MESOLA (STAID: 17676).
Blended and updated with sources: 194984 195912 196648 
See file sources.txt and stations.txt for more info.

 SOUID,    DATE,   TG, Q_TG
195912,20121201,-9999,    9
195912,20121202,-9999,    9
195912,20121203,-9999,    9
195912,20121204,-9999,    9
195912,20121205,-9999,    9
195912,20121206,-9999,    9
195912,20121207,-9999,    9
195912,20121208,-9999,    9
195912,20121209,-9999,    9
195912,20121210,-9999,    9
195912,20121211,-9999,    9
195912,20121212,-9999,    9
195912,20121213,-9999,    9
195912,20121214,-9999,    9
195912,20121215,-9999,    9
195912,20121216,-9999,    9
195912,20121217,-9999,    9
195912,20121218,-9999,    9
195912,20121219,-9999,    9
195912,20121220,-9999,    9
195912,20121221,-9999,    9
195912,20121222,-9999,    9
195912,20121223,-9999,    9
195912,20121224,-9999,    9
195912,20121225,-9999,    9
195912,20121226,-9999,    9
195912,20121227,-9999,    9
195912,20121228,-9999,    9
195912,20121229,-9999,    9
195912,20121230,-9999,    9
195912,20121231,  -10,    0
195912,20130101,   16,    0
195912,20130102,   54,    0
195912,20130103,   57,    0
195912,20130104,   34,    0
195912,20130105,   13,    0
195912,20130106,   21,    0
195912,20130107,   32,    0
195912,20130108,   62,    0
195912,20130109,   55,    0
195912,20130110,   52,    0
195912,20130111,   30,    0
195912,20130112,   41,    0
195912,20130113,   52,    0
195912,20130114,   38,    0
195912,20130115,   36,    0
195912,20130116,   31,    0
195912,20130117,   28,    0
195912,20130118,   28,    0
195912,20130119,   15,    0
195912,20130120,   48,    0
195912,20130121,   39,    0
195912,20130122,   44,    0
195912,20130123,   40,    0
195912,20130124,   67,    0
195912,20130125,   60,    0
195912,20130126,   22,    0
195912,20130127,   -5,    0
195912,20130128,   18,    0
195912,20130129,   17,    0
195912,20130130,   33,    0
195912,20130131,   31,    0
195912,20130201,   35,    0
195912,20130202,   52,    0
195912,20130203,   54,    0
195912,20130204,   46,    0
195912,20130205,   41,    0
195912,20130206,   38,    0
195912,20130207,   51,    0
195912,20130208,   34,    0
195912,20130209,   16,    0
195912,20130210,    0,    0
195912,20130211,   19,    0
195912,20130212,   17,    0
195912,20130213,   27,    0
195912,20130214,   48,    0
195912,20130215,   37,    0
195912,20130216,   48,    0
195912,20130217,   45,    0
195912,20130218,   40,    0
195912,20130219,   35,    0
195912,20130220,   40,    0
195912,20130221,   27,    0
195912,20130222,   24,    0
195912,20130223,   25,    0
195912,20130224,   52,    0
195912,20130225,   48,    0
195912,20130226,   49,    0
195912,20130227,   55,    0
195912,20130228,   57,    0
195912,20130301,   57,    0
195912,20130302,   53,    0
195912,20130303,   59,    0
195912,20130304,   63,    0
195912,20130305,   74,    0
195912,20130306,   92,    0
195912,20130307,  100,    0
195912,20130308,   99,    0
195912,20130309,  109,    0
195912,20130310,  113,    0
195912,20130311,  100,    0
195912,20130312,  102,    0
195912,20130313,   93,    0
195912,20130314,   75,    0
195912,20130315,   50,    0
195912,20130316,   43,    0
195912,20130317,   73,    0
195912,20130318,   67,    0
195912,20130319,   86,    0
195912,20130320,   81,    0
195912,20130321,  100,    0
195912,20130322,   86,    0
195912,20130323,  110,    0
195912,20130324,   75,    0
195912,20130325,   37,    0
195912,20130326,   45,    0
195912,20130327,   59,    0
195912,20130328,   78,    0
195912,20130329,   79,    0
195912,20130330,   86,    0
195912,20130331,   92,    0
195912,20130401,   92,    0
195912,20130402,   88,    0
195912,20130403,   95,    0
195912,20130404,   90,    0
195912,20130405,   88,    0
195912,20130406,  109,    0
195912,20130407,  102,    0
195912,20130408,   92,    0
195912,20130409,   98,    0
195912,20130410,  110,    0
195912,20130411,  133,    0
195912,20130412,  161,    0
195912,20130413,  142,    0
195912,20130414,  152,    0
195912,20130415,  157,    0
195912,20130416,  161,    0
195912,20130417,  170,    0
195912,20130418,  182,    0
195912,20130419,  189,    0
195912,20130420,  156,    0
195912,20130421,  134,    0
195912,20130422,  133,    0
195912,20130423,  132,    0
195912,20130424,  151,    0
195912,20130425,  167,    0
195912,20130426,  171,    0
195912,20130427,  172,    0
195912,20130428,  186,    0
195912,20130429,  179,    0
195912,20130430,  169,    0
195912,20130501,  192,    0
195912,20130502,  175,    0
195912,20130503,  173,    0
195912,20130504,  196,    0
195912,20130505,  186,    0
195912,20130506,  172,    0
195912,20130507,  178,    0
195912,20130508,  179,    0
195912,20130509,  204,    0
195912,20130510,  189,    0
195912,20130511,  173,    0
195912,20130512,  167,    0
195912,20130513,  162,    0
195912,20130514,  172,    0
195912,20130515,  190,    0
195912,20130516,  178,    0
195912,20130517,  173,    0
195912,20130518,  174,    0
195912,20130519,  176,    0
195912,20130520,  156,    0
195912,20130521,  158,    0
195912,20130522,  173,    0
195912,20130523,  185,    0
195912,20130524,  129,    0
195912,20130525,  111,    0
195912,20130526,  150,    0
195912,20130527,  169,    0
195912,20130528,  166,    0
195912,20130529,  181,    0
195912,20130530,  154,    0
195912,20130531,  159,    0
195912,20130601,  173,    0
195912,20130602,  183,    0
195912,20130603,  195,    0
195912,20130604,  196,    0
195912,20130605,  198,    0
195912,20130606,  209,    0
195912,20130607,  215,    0
195912,20130608,  228,    0
195912,20130609,  207,    0
195912,20130610,  194,    0
195912,20130611,  207,    0
195912,20130612,  229,    0
195912,20130613,  242,    0
195912,20130614,  236,    0
195912,20130615,  254,    0
195912,20130616,  261,    0
195912,20130617,  272,    0
195912,20130618,  279,    0
195912,20130619,  278,    0
195912,20130620,  284,    0
195912,20130621,  264,    0
195912,20130622,  251,    0
195912,20130623,  249,    0
195912,20130624,  206,    0
195912,20130625,  211,    0
195912,20130626,  182,    0
195912,20130627,  194,    0
195912,20130628,  168,    0
195912,20130629,  192,    0
195912,20130630,  212,    0
195912,20130701,  228,    0
195912,20130702,  231,    0
195912,20130703,  242,    0
195912,20130704,  262,    0
195912,20130705,  270,    0
195912,20130706,  273,    0
195912,20130707,  267,    0
195912,20130708,  264,    0
195912,20130709,  265,    0
195912,20130710,  268,    0
195912,20130711,  257,    0
195912,20130712,  240,    0
195912,20130713,  245,    0
195912,20130714,  236,    0
195912,20130715,  248,    0
195912,20130716,  249,    0
195912,20130717,  246,    0
195912,20130718,  247,    0
195912,20130719,  256,    0
195912,20130720,  264,    0
195912,20130721,  266,    0
195912,20130722,  265,    0
195912,20130723,  268,    0
195912,20130724,  274,    0
195912,20130725,  271,    0
195912,20130726,  285,    0
195912,20130727,  293,    0
195912,20130728,  299,    0
195912,20130729,  259,    0
195912,20130730,  247,    0
195912,20130731,  265,    0
195912,20130801,  270,    0
195912,20130802,  279,    0
195912,20130803,  283,    0
195912,20130804,  292,    0
195912,20130805,  298,    0
195912,20130806,  297,    0
195912,20130807,  291,    0
195912,20130808,  278,    0
195912,20130809,  260,    0
195912,20130810,  250,    0
195912,20130811,  253,    0
195912,20130812,  257,    0
195912,20130813,  265,    0
195912,20130814,  216,    0
195912,20130815,  225,    0
195912,20130816,  230,    0
195912,20130817,  240,    0
195912,20130818,  251,    0
195912,20130819,  257,    0
195912,20130820,  201,    0
195912,20130821,  227,    0
195912,20130822,  225,    0
195912,20130823,  232,    0
195912,20130824,  236,    0
195912,20130825,  221,    0
195912,20130826,  217,    0
195912,20130827,  209,    0
195912,20130828,  208,    0
195912,20130829,  219,    0
195912,20130830,  215,    0
195912,20130831,  218,    0
195912,20130901,  222,    0
195912,20130902,  228,    0
195912,20130903,  226,    0
195912,20130904,  232,    0
195912,20130905,  231,    0
195912,20130906,  229,    0
195912,20130907,  235,    0
195912,20130908,  245,    0
195912,20130909,  248,    0
195912,20130910,  217,    0
195912,20130911,  187,    0
195912,20130912,  178,    0
195912,20130913,  189,    0
195912,20130914,  197,    0
195912,20130915,  193,    0
195912,20130916,  196,    0
195912,20130917,  174,    0
195912,20130918,  166,    0
195912,20130919,  181,    0
195912,20130920,  194,    0
195912,20130921,  199,    0
195912,20130922,  186,    0
195912,20130923,  184,    0
195912,20130924,  192,    0
195912,20130925,  202,    0
195912,20130926,  204,    0
195912,20130927,  219,    0
195912,20130928,  214,    0
195912,20130929,  187,    0
195912,20130930,  149,    0
195912,20131001,  159,    0
195912,20131002,  160,    0
195912,20131003,  148,    0
195912,20131004,  143,    0
195912,20131005,  134,    0
195912,20131006,  150,    0
195912,20131007,  152,    0
195912,20131008,  151,    0
195912,20131009,  158,    0
195912,20131010,  168,    0
195912,20131011,  136,    0
195912,20131012,  145,    0
195912,20131013,  136,    0
195912,20131014,  133,    0
195912,20131015,  135,    0
195912,20131016,  159,    0
195912,20131017,  145,    0
195912,20131018,  138,    0
195912,20131019,  151,    0
195912,20131020,  160,    0
195912,20131021,  161,    0
195912,20131022,  168,    0
195912,20131023,  177,    0
195912,20131024,  175,    0
195912,20131025,  162,    0
195912,20131026,  169,    0
195912,20131027,  167,    0
195912,20131028,  179,    0
195912,20131029,  188,    0
195912,20131030,  176,    0
195912,20131031,  154,    0
195912,20131101,  127,    0
195912,20131102,  150,    0
195912,20131103,  164,    0
195912,20131104,  133,    0
195912,20131105,  130,    0
195912,20131106,  114,    0
195912,20131107,  128,    0
195912,20131108,  147,    0
195912,20131109,  145,    0
195912,20131110,  123,    0
195912,20131111,  134,    0
195912,20131112,  130,    0
195912,20131113,  126,    0
195912,20131114,  118,    0
195912,20131115,  114,    0
195912,20131116,  106,    0
195912,20131117,  104,    0
195912,20131118,  123,    0
195912,20131119,  137,    0
195912,20131120,  110,    0
195912,20131121,   88,    0
195912,20131122,   88,    0
195912,20131123,   88,    0
195912,20131124,   91,    0
195912,20131125,   73,    0
195912,20131126,   43,    0
195912,20131127,   39,    0
195912,20131128,   37,    0
195912,20131129,   11,    0
195912,20131130,   40,    0
195912,20131201,   82,    0
195912,20131202,   92,    0
195912,20131203,   46,    0
195912,20131204,   22,    0
195912,20131205,   18,    0
195912,20131206,   29,    0
195912,20131207,   29,    0
195912,20131208,   20,    0
195912,20131209,    4,    0
195912,20131210,   10,    0
195912,20131211,    0,    0
195912,20131212,   10,    0
195912,20131213,    4,    0
195912,20131214,    8,    0
195912,20131215,   29,    0
195912,20131216,    0,    0
195912,20131217,-9999,    9
195912,20131218,-9999,    9
195912,20131219,-9999,    9
195912,20131220,-9999,    9
195912,20131221,-9999,    9
195912,20131222,-9999,    9
195912,20131223,-9999,    9
195912,20131224,-9999,    9
195912,20131225,-9999,    9
195912,20131226,-9999,    9
195912,20131227,-9999,    9
195912,20131228,   52,    0
195912,20131229,   76,    0
195912,20131230,   82,    0
195912,20131231,   42,    0
195912,20140101,   20,    0
195912,20140102,   39,    0
195912,20140103,   53,    0
195912,20140104,   81,    0
195912,20140105,   88,    0
195912,20140106,   78,    0
195912,20140107,   56,    0
195912,20140108,   55,    0
195912,20140109,   67,    0
195912,20140110,   64,    0
195912,20140111,   79,    0
195912,20140112,   76,    0
195912,20140113,   74,    0
195912,20140114,   86,    0
195912,20140115,   45,    0
195912,20140116,   48,    0
195912,20140117,   93,    0
195912,20140118,   72,    0
195912,20140119,   89,    0
195912,20140120,   89,    0
195912,20140121,   95,    0
195912,20140122,   84,    0
195912,20140123,   74,    0
195912,20140124,   68,    0
195912,20140125,   51,    0
195912,20140126,   48,    0
195912,20140127,   61,    0
195912,20140128,   50,    0
195912,20140129,   49,    0
195912,20140130,   85,    0
195912,20140131,   70,    0
195912,20140201,   75,    0
195912,20140202,   93,    0
195912,20140203,   84,    0
195912,20140204,   71,    0
195912,20140205,   85,    0
195912,20140206,   81,    0
195912,20140207,   78,    0
195912,20140208,   88,    0
195912,20140209,   88,    0
195912,20140210,   72,    0
195912,20140211,   72,    0
195912,20140212,   77,    0
195912,20140213,   68,    0
195912,20140214,   77,    0
195912,20140215,   97,    0
195912,20140216,   87,    0
195912,20140217,   96,    0
195912,20140218,   94,    0
195912,20140219,  103,    0
195912,20140220,   89,    0
195912,20140221,   99,    0
195912,20140222,   81,    0
195912,20140223,   75,    0
195912,20140224,   74,    0
195912,20140225,   79,    0
195912,20140226,   90,    0
195912,20140227,   71,    0
195912,20140228,   84,    0
195912,20140301,   91,    0
195912,20140302,   79,    0
195912,20140303,   85,    0
195912,20140304,   88,    0
195912,20140305,  101,    0
195912,20140306,  104,    0
195912,20140307,  113,    0
195912,20140308,  106,    0
195912,20140309,  104,    0
195912,20140310,  106,    0
195912,20140311,   96,    0
195912,20140312,   99,    0
195912,20140313,  103,    0
195912,20140314,  103,    0
195912,20140315,  103,    0
195912,20140316,  110,    0
195912,20140317,  113,    0
195912,20140318,  117,    0
195912,20140319,  127,    0
195912,20140320,  131,    0
195912,20140321,  106,    0
195912,20140322,  136,    0
195912,20140323,  126,    0
195912,20140324,   75,    0
195912,20140325,   72,    0
195912,20140326,   95,    0
195912,20140327,  124,    0
195912,20140328,  132,    0
195912,20140329,  129,    0
195912,20140330,  129,    0
195912,20140331,  142,    0
195912,20140401,  145,    0
195912,20140402,  146,    0
195912,20140403,  137,    0
195912,20140404,  139,    0
195912,20140405,  134,    0
195912,20140406,  164,    0
195912,20140407,  167,    0
195912,20140408,  175,    0
195912,20140409,  146,    0
195912,20140410,  143,    0
195912,20140411,  137,    0
195912,20140412,  137,    0
195912,20140413,  133,    0
195912,20140414,  148,    0
195912,20140415,  145,    0
195912,20140416,  120,    0
195912,20140417,  127,    0
195912,20140418,  129,    0
195912,20140419,  149,    0
195912,20140420,  141,    0
195912,20140421,  152,    0
195912,20140422,  149,    0
195912,20140423,  163,    0
195912,20140424,  171,    0
195912,20140425,  181,    0
195912,20140426,  188,    0
195912,20140427,  158,    0
195912,20140428,  145,    0
195912,20140429,  162,    0
195912,20140430,  154,    0
195912,20140501,  160,    0
195912,20140502,  145,    0
195912,20140503,  153,    0
195912,20140504,  155,    0
195912,20140505,  142,    0
195912,20140506,  158,    0
195912,20140507,  163,    0
195912,20140508,  169,    0
195912,20140509,  177,    0
195912,20140510,  199,    0
195912,20140511,  202,    0
195912,20140512,  174,    0
195912,20140513,  154,    0
195912,20140514,  152,    0
195912,20140515,  162,    0
195912,20140516,  169,    0
195912,20140517,  172,    0
195912,20140518,  177,    0
195912,20140519,  176,    0
195912,20140520,  189,    0
195912,20140521,  202,    0
195912,20140522,  210,    0
195912,20140523,  220,    0
195912,20140524,  210,    0
195912,20140525,  214,    0
195912,20140526,  202,    0
195912,20140527,  186,    0
195912,20140528,  189,    0
195912,20140529,  183,    0
195912,20140530,  188,    0
195912,20140531,  180,    0
195912,20140601,  185,    0
195912,20140602,  198,    0
195912,20140603,  200,    0
195912,20140604,  194,    0
195912,20140605,  213,    0
195912,20140606,  223,    0
195912,20140607,  242,    0
195912,20140608,  256,    0
195912,20140609,  265,    0
195912,20140610,  270,    0
195912,20140611,  279,    0
195912,20140612,  280,    0
195912,20140613,  266,    0
195912,20140614,  228,    0
195912,20140615,  220,    0
195912,20140616,  214,    0
195912,20140617,  213,    0
195912,20140618,  215,    0
195912,20140619,  214,    0
195912,20140620,  229,    0
195912,20140621,  229,    0
195912,20140622,  239,    0
195912,20140623,  250,    0
195912,20140624,  247,    0
195912,20140625,  212,    0
195912,20140626,  209,    0
195912,20140627,  228,    0
195912,20140628,  240,    0
195912,20140629,  240,    0
195912,20140630,  209,    0
195912,20140701,  219,    0
195912,20140702,  220,    0
195912,20140703,  222,    0
195912,20140704,  221,    0
195912,20140705,  230,    0
195912,20140706,  246,    0
195912,20140707,  246,    0
195912,20140708,  227,    0
195912,20140709,  187,    0
195912,20140710,  173,    0
195912,20140711,  213,    0
195912,20140712,  220,    0
195912,20140713,  210,    0
195912,20140714,  210,    0
195912,20140715,  240,    0
195912,20140716,  263,    0
195912,20140717,  269,    0
195912,20140718,  266,    0
195912,20140719,  266,    0
195912,20140720,  278,    0
195912,20140721,  230,    0
195912,20140722,  222,    0
195912,20140723,  257,    0
195912,20140724,  209,    0
195912,20140725,  226,    0
195912,20140726,  203,    0
195912,20140727,  213,    0
195912,20140728,  244,    0
195912,20140729,  231,    0
195912,20140730,  203,    0
195912,20140731,  218,    0
195912,20140801,  242,    0
195912,20140802,  252,    0
195912,20140803,  228,    0
195912,20140804,  224,    0
195912,20140805,  233,    0
195912,20140806,  240,    0
195912,20140807,  245,    0
195912,20140808,  248,    0
195912,20140809,  251,    0
195912,20140810,  261,    0
195912,20140811,  262,    0
195912,20140812,  256,    0
195912,20140813,  248,    0
195912,20140814,  237,    0
195912,20140815,  208,    0
195912,20140816,  185,    0
195912,20140817,  194,    0
195912,20140818,  217,    0
195912,20140819,  208,    0
195912,20140820,  217,    0
195912,20140821,  219,    0
195912,20140822,  219,    0
195912,20140823,  197,    0
195912,20140824,  198,    0
195912,20140825,  204,    0
195912,20140826,  209,    0
195912,20140827,  221,    0
195912,20140828,  225,    0
195912,20140829,  219,    0
195912,20140830,  228,    0
195912,20140831,  232,    0
195912,20140901,  171,    0
195912,20140902,  175,    0
195912,20140903,  191,    0
195912,20140904,  198,    0
195912,20140905,  217,    0
195912,20140906,  216,    0
195912,20140907,  214,    0
195912,20140908,  216,    0
195912,20140909,  224,    0
195912,20140910,  200,    0
195912,20140911,  180,    0
195912,20140912,  161,    0
195912,20140913,  171,    0
195912,20140914,  188,    0
195912,20140915,  196,    0
195912,20140916,  198,    0
195912,20140917,  189,    0
195912,20140918,  186,    0
195912,20140919,  198,    0
195912,20140920,  209,    0
195912,20140921,  208,    0
195912,20140922,  198,    0
195912,20140923,  158,    0
195912,20140924,  159,    0
195912,20140925,  176,    0
195912,20140926,  167,    0
195912,20140927,  174,    0
195912,20140928,  185,    0
195912,20140929,  178,    0
195912,20140930,  181,    0
195912,20141001,  177,    0
195912,20141002,  179,    0
195912,20141003,  173,    0
195912,20141004,  162,    0
195912,20141005,  158,    0
195912,20141006,  153,    0
195912,20141007,  165,    0
195912,20141008,  199,    0
195912,20141009,  177,    0
195912,20141010,  200,    0
195912,20141011,  204,    0
195912,20141012,  193,    0
195912,20141013,  197,    0
195912,20141014,  187,    0
195912,20141015,  178,    0
195912,20141016,  188,    0
195912,20141017,  204,    0
195912,20141018,  192,    0
195912,20141019,  188,    0
195912,20141020,  175,    0
195912,20141021,  196,    0
195912,20141022,  151,    0
195912,20141023,  116,    0
195912,20141024,  145,    0
195912,20141025,  124,    0
195912,20141026,  119,    0
195912,20141027,  101,    0
195912,20141028,   97,    0
195912,20141029,   84,    0
195912,20141030,   90,    0
195912,20141031,   97,    0
195912,20141101,   98,    0
195912,20141102,  108,    0
195912,20141103,  100,    0
195912,20141104,  165,    0
195912,20141105,  172,    0
195912,20141106,  158,    0
195912,20141107,  136,    0
195912,20141108,  138,    0
195912,20141109,  145,    0
195912,20141110,  150,    0
195912,20141111,  154,    0
195912,20141112,  157,    0
195912,20141113,  141,    0
195912,20141114,  126,    0
195912,20141115,  137,    0
195912,20141116,  128,    0
195912,20141117,  100,    0
195912,20141118,  108,    0
195912,20141119,   91,    0
195912,20141120,   61,    0
195912,20141121,   66,    0
195912,20141122,   87,    0
195912,20141123,   76,    0
195912,20141124,   72,    0
195912,20141125,   86,    0
195912,20141126,   97,    0
195912,20141127,   91,    0
195912,20141128,  115,    0
195912,20141129,  121,    0
195912,20141130,  132,    0
195912,20141201,  141,    0
195912,20141202,  110,    0
195912,20141203,  107,    0
195912,20141204,   92,    0
195912,20141205,   93,    0
195912,20141206,   99,    0
195912,20141207,   93,    0
195912,20141208,   77,    0
195912,20141209,   81,    0
195912,20141210,   45,    0
195912,20141211,   36,    0
195912,20141212,   30,    0
195912,20141213,   73,    0
195912,20141214,   63,    0
195912,20141215,   69,    0
195912,20141216,   96,    0
195912,20141217,   92,    0
195912,20141218,   64,    0
195912,20141219,   50,    0
195912,20141220,   63,    0
195912,20141221,   67,    0
195912,20141222,   45,    0
195912,20141223,   32,    0
195912,20141224,   39,    0
195912,20141225,   52,    0
195912,20141226,   31,    0
195912,20141227,   14,    0
195912,20141228,   31,    0
195912,20141229,   13,    0
195912,20141230,   11,    0
195912,20141231,    5,    0
195912,20150101,   -7,    0
195912,20150102,    9,    0
195912,20150103,   18,    0
195912,20150104,   24,    0
195912,20150105,   31,    0
195912,20150106,   11,    0
195912,20150107,   18,    0
195912,20150108,   53,    0
195912,20150109,   32,    0
195912,20150110,   18,    0
195912,20150111,   16,    0
195912,20150112,   39,    0
195912,20150113,   27,    0
195912,20150114,   29,    0
195912,20150115,   47,    0
195912,20150116,   80,    0
195912,20150117,  106,    0
195912,20150118,   48,    0
195912,20150119,   21,    0
195912,20150120,   42,    0
195912,20150121,   54,    0
195912,20150122,   73,    0
195912,20150123,   75,    0
195912,20150124,   76,    0
195912,20150125,   65,    0
195912,20150126,   46,    0
195912,20150127,    9,    0
195912,20150128,   14,    0
195912,20150129,   20,    0
195912,20150130,   26,    0
195912,20150131,   32,    0
195912,20150201,   33,    0
195912,20150202,   15,    0
195912,20150203,   43,    0
195912,20150204,   66,    0
195912,20150205,   50,    0
195912,20150206,   48,    0
195912,20150207,   40,    0
195912,20150208,   16,    0
195912,20150209,   17,    0
195912,20150210,   23,    0
195912,20150211,   37,    0
195912,20150212,   40,    0
195912,20150213,   75,    0
195912,20150214,   78,    0
195912,20150215,   78,    0
195912,20150216,   99,    0
195912,20150217,   78,    0
195912,20150218,   48,    0
195912,20150219,   34,    0
195912,20150220,   35,    0
195912,20150221,   65,    0
195912,20150222,   78,    0
195912,20150223,   86,    0
195912,20150224,   84,    0
195912,20150225,   87,    0
195912,20150226,   91,    0
195912,20150227,   77,    0
195912,20150228,   77,    0
195912,20150301,   72,    0
195912,20150302,   93,    0
195912,20150303,   80,    0
195912,20150304,   87,    0
195912,20150305,   89,    0
195912,20150306,   82,    0
195912,20150307,   88,    0
195912,20150308,   84,    0
195912,20150309,   56,    0
195912,20150310,   69,    0
195912,20150311,   90,    0
195912,20150312,   83,    0
195912,20150313,   70,    0
195912,20150314,   70,    0
195912,20150315,   89,    0
195912,20150316,   84,    0
195912,20150317,  106,    0
195912,20150318,   94,    0
195912,20150319,   98,    0
195912,20150320,   92,    0
195912,20150321,   98,    0
195912,20150322,  106,    0
195912,20150323,  105,    0
195912,20150324,  110,    0
195912,20150325,  114,    0
195912,20150326,  125,    0
195912,20150327,  106,    0
195912,20150328,  117,    0
195912,20150329,  116,    0
195912,20150330,  133,    0
195912,20150331,  139,    0
195912,20150401,  132,    0
195912,20150402,  117,    0
195912,20150403,  113,    0
195912,20150404,   91,    0
195912,20150405,   95,    0
195912,20150406,   98,    0
195912,20150407,   93,    0
195912,20150408,  105,    0
195912,20150409,  111,    0
195912,20150410,  117,    0
195912,20150411,  127,    0
195912,20150412,  147,    0
195912,20150413,  161,    0
195912,20150414,  155,    0
195912,20150415,  158,    0
195912,20150416,  161,    0
195912,20150417,  154,    0
195912,20150418,  124,    0
195912,20150419,  104,    0
195912,20150420,  124,    0
195912,20150421,  156,    0
195912,20150422,  165,    0
195912,20150423,  171,    0
195912,20150424,  153,    0
195912,20150425,  150,    0
195912,20150426,  161,    0
195912,20150427,  151,    0
195912,20150428,  154,    0
195912,20150429,  150,    0
195912,20150430,  148,    0
195912,20150501,  156,    0
195912,20150502,  174,    0
195912,20150503,  177,    0
195912,20150504,  178,    0
195912,20150505,  180,    0
195912,20150506,  181,    0
195912,20150507,  196,    0
195912,20150508,  210,    0
195912,20150509,  215,    0
195912,20150510,  214,    0
195912,20150511,  204,    0
195912,20150512,  197,    0
195912,20150513,  209,    0
195912,20150514,  211,    0
195912,20150515,  188,    0
195912,20150516,  209,    0
195912,20150517,  216,    0
195912,20150518,  213,    0
195912,20150519,  219,    0
195912,20150520,  197,    0
195912,20150521,  160,    0
195912,20150522,  134,    0
195912,20150523,  140,    0
195912,20150524,  172,    0
195912,20150525,  188,    0
195912,20150526,  165,    0
195912,20150527,  171,    0
195912,20150528,  166,    0
195912,20150529,  181,    0
195912,20150530,  196,    0
195912,20150531,  204,    0
195912,20150601,  216,    0
195912,20150602,  231,    0
195912,20150603,  247,    0
195912,20150604,  268,    0
195912,20150605,  265,    0
195912,20150606,  260,    0
195912,20150607,  262,    0
195912,20150608,  258,    0
195912,20150609,  243,    0
195912,20150610,  249,    0
195912,20150611,  245,    0
195912,20150612,  245,    0
195912,20150613,  255,    0
195912,20150614,  222,    0
195912,20150615,  220,    0
195912,20150616,  215,    0
195912,20150617,  201,    0
195912,20150618,  212,    0
195912,20150619,  210,    0
195912,20150620,  189,    0
195912,20150621,  195,    0
195912,20150622,  207,    0
195912,20150623,  228,    0
195912,20150624,  194,    0
195912,20150625,  204,    0
195912,20150626,  223,    0
195912,20150627,  234,    0
195912,20150628,  234,    0
195912,20150629,  240,    0
195912,20150630,  249,    0
195912,20150701,  251,    0
195912,20150702,  260,    0
195912,20150703,  269,    0
195912,20150704,  272,    0
195912,20150705,  281,    0
195912,20150706,  284,    0
195912,20150707,  292,    0
195912,20150708,  289,    0
195912,20150709,  265,    0
195912,20150710,  247,    0
195912,20150711,  245,    0
195912,20150712,  264,    0
195912,20150713,  269,    0
195912,20150714,  271,    0
195912,20150715,  279,    0
195912,20150716,  287,    0
195912,20150717,  298,    0
195912,20150718,  296,    0
195912,20150719,  302,    0
195912,20150720,  291,    0
195912,20150721,  305,    0
195912,20150722,  306,    0
195912,20150723,  300,    0
195912,20150724,  297,    0
195912,20150725,  278,    0
195912,20150726,  257,    0
195912,20150727,  264,    0
195912,20150728,  266,    0
195912,20150729,  262,    0
195912,20150730,  248,    0
195912,20150731,  229,    0
195912,20150801,  229,    0
195912,20150802,  222,    0
195912,20150803,  252,    0
195912,20150804,  268,    0
195912,20150805,  279,    0
195912,20150806,  284,    0
195912,20150807,  290,    0
195912,20150808,  289,    0
195912,20150809,  281,    0
195912,20150810,  250,    0
195912,20150811,  255,    0
195912,20150812,  280,    0
195912,20150813,  281,    0
195912,20150814,  278,    0
195912,20150815,  241,    0
195912,20150816,  209,    0
195912,20150817,  223,    0
195912,20150818,  233,    0
195912,20150819,  194,    0
195912,20150820,  216,    0
195912,20150821,  209,    0
195912,20150822,  212,    0
195912,20150823,  215,    0
195912,20150824,  231,    0
195912,20150825,  236,    0
195912,20150826,  238,    0
195912,20150827,  240,    0
195912,20150828,  252,    0
195912,20150829,  259,    0
195912,20150830,  261,    0
195912,20150831,  266,    0
195912,20150901,  250,    0
195912,20150902,  244,    0
195912,20150903,  237,    0
195912,20150904,  233,    0
195912,20150905,  197,    0
195912,20150906,  180,    0
195912,20150907,  183,    0
195912,20150908,  185,    0
195912,20150909,  181,    0
195912,20150910,  187,    0
195912,20150911,  186,    0
195912,20150912,  201,    0
195912,20150913,  201,    0
195912,20150914,  239,    0
195912,20150915,  230,    0
195912,20150916,  241,    0
195912,20150917,  248,    0
195912,20150918,  244,    0
195912,20150919,  205,    0
195912,20150920,  197,    0
195912,20150921,  194,    0
195912,20150922,  177,    0
195912,20150923,  178,    0
195912,20150924,  153,    0
195912,20150925,  163,    0
195912,20150926,  183,    0
195912,20150927,  176,    0
195912,20150928,  169,    0
195912,20150929,  171,    0
195912,20150930,  161,    0
195912,20151001,  150,    0
195912,20151002,  164,    0
195912,20151003,  176,    0
195912,20151004,  176,    0
195912,20151005,  173,    0
195912,20151006,  170,    0
195912,20151007,  178,    0
195912,20151008,  179,    0
195912,20151009,  163,    0
195912,20151010,  155,    0
195912,20151011,  165,    0
195912,20151012,  156,    0
195912,20151013,  159,    0
195912,20151014,  159,    0
195912,20151015,  149,    0
195912,20151016,  122,    0
195912,20151017,  121,    0
195912,20151018,  132,    0
195912,20151019,  128,    0
195912,20151020,  110,    0
195912,20151021,  110,    0
195912,20151022,  120,    0
195912,20151023,  116,    0
195912,20151024,  112,    0
195912,20151025,  111,    0
195912,20151026,   95,    0
195912,20151027,  111,    0
195912,20151028,  125,    0
195912,20151029,  130,    0
195912,20151030,  129,    0
195912,20151031,  116,    0
195912,20151101,  103,    0
195912,20151102,   85,    0
195912,20151103,   93,    0
195912,20151104,  103,    0
195912,20151105,  101,    0
195912,20151106,  112,    0
195912,20151107,  117,    0
195912,20151108,  117,    0
195912,20151109,  108,    0
195912,20151110,  101,    0
195912,20151111,   94,    0
195912,20151112,   89,    0
195912,20151113,   90,    0
195912,20151114,   99,    0
195912,20151115,  106,    0
195912,20151116,  106,    0
195912,20151117,   96,    0
195912,20151118,  104,    0
195912,20151119,  105,    0
195912,20151120,  102,    0
195912,20151121,   85,    0
195912,20151122,   59,    0
195912,20151123,   61,    0
195912,20151124,   57,    0
195912,20151125,   30,    0
195912,20151126,   62,    0
195912,20151127,   84,    0
195912,20151128,   30,    0
195912,20151129,   20,    0
195912,20151130,   25,    0
195912,20151201,   31,    0
195912,20151202,   37,    0
195912,20151203,   23,    0
195912,20151204,   47,    0
195912,20151205,   64,    0
195912,20151206,   46,    0
195912,20151207,   48,    0
195912,20151208,   52,    0
195912,20151209,   33,    0
195912,20151210,   38,    0
195912,20151211,   12,    0
195912,20151212,    7,    0
195912,20151213,   14,    0
195912,20151214,   51,    0
195912,20151215,   32,    0
195912,20151216,   31,    0
195912,20151217,   17,    0
195912,20151218,   30,    0
195912,20151219,   19,    0
195912,20151220,   31,    0
195912,20151221,   54,    0
195912,20151222,   55,    0
195912,20151223,   61,    0
195912,20151224,   66,    0
195912,20151225,   58,    0
195912,20151226,   45,    0
195912,20151227,   37,    0
195912,20151228,   18,    0
195912,20151229,   12,    0
195912,20151230,   31,    0
195912,20151231,   17,    0
195912,20160101,    7,    0
195912,20160102,   12,    0
195912,20160103,   32,    0
195912,20160104,   20,    0
195912,20160105,   23,    0
195912,20160106,   25,    0
195912,20160107,   21,    0
195912,20160108,   45,    0
195912,20160109,   56,    0
195912,20160110,   61,    0
195912,20160111,  109,    0
195912,20160112,   78,    0
195912,20160113,   51,    0
195912,20160114,   29,    0
195912,20160115,   35,    0
195912,20160116,   31,    0
195912,20160117,    6,    0
195912,20160118,    1,    0
195912,20160119,   -7,    0
195912,20160120,   -1,    0
195912,20160121,    5,    0
195912,20160122,   20,    0
195912,20160123,   -1,    0
195912,20160124,    4,    0
195912,20160125,   11,    0
195912,20160126,   26,    0
195912,20160127,   51,    0
195912,20160128,   77,    0
195912,20160129,   75,    0
195912,20160130,   79,    0
195912,20160131,   64,    0
195912,20160201,   64,    0
195912,20160202,   72,    0
195912,20160203,   74,    0
195912,20160204,   68,    0
195912,20160205,   46,    0
195912,20160206,   59,    0
195912,20160207,   90,    0
195912,20160208,   79,    0
195912,20160209,   97,    0
195912,20160210,   80,    0
195912,20160211,   48,    0
195912,20160212,   64,    0
195912,20160213,   58,    0
195912,20160214,   60,    0
195912,20160215,   71,    0
195912,20160216,   83,    0
195912,20160217,   72,    0
195912,20160218,   78,    0
195912,20160219,   83,    0
195912,20160220,   78,    0
195912,20160221,   74,    0
195912,20160222,   77,    0
195912,20160223,  106,    0
195912,20160224,   84,    0
195912,20160225,   77,    0
195912,20160226,   69,    0
195912,20160227,   77,    0
195912,20160228,  116,    0
195912,20160229,  104,    0
195912,20160301,   89,    0
195912,20160302,   90,    0
195912,20160303,   51,    0
195912,20160304,   76,    0
195912,20160305,   93,    0
195912,20160306,   58,    0
195912,20160307,   58,    0
195912,20160308,   62,    0
195912,20160309,   73,    0
195912,20160310,   86,    0
195912,20160311,  102,    0
195912,20160312,  109,    0
195912,20160313,  104,    0
195912,20160314,   92,    0
195912,20160315,   68,    0
195912,20160316,   86,    0
195912,20160317,   96,    0
195912,20160318,   90,    0
195912,20160319,  104,    0
195912,20160320,  103,    0
195912,20160321,  122,    0
195912,20160322,  125,    0
195912,20160323,  107,    0
195912,20160324,  101,    0
195912,20160325,  104,    0
195912,20160326,  104,    0
195912,20160327,  105,    0
195912,20160328,  126,    0
195912,20160329,  134,    0
195912,20160330,  138,    0
195912,20160331,  134,    0
195912,20160401,  144,    0
195912,20160402,  144,    0
195912,20160403,  122,    0
195912,20160404,  135,    0
195912,20160405,  145,    0
195912,20160406,  133,    0
195912,20160407,  131,    0
195912,20160408,  134,    0
195912,20160409,  133,    0
195912,20160410,  140,    0
195912,20160411,  156,    0
195912,20160412,  162,    0
195912,20160413,  156,    0
195912,20160414,  153,    0
195912,20160415,  158,    0
195912,20160416,  170,    0
195912,20160417,  169,    0
195912,20160418,  173,    0
195912,20160419,  133,    0
195912,20160420,  139,    0
195912,20160421,  143,    0
195912,20160422,  156,    0
195912,20160423,  149,    0
195912,20160424,  112,    0
195912,20160425,   96,    0
195912,20160426,  113,    0
195912,20160427,  147,    0
195912,20160428,  125,    0
195912,20160429,  139,    0
195912,20160430,  139,    0
195912,20160501,  124,    0
195912,20160502,  144,    0
195912,20160503,  173,    0
195912,20160504,  178,    0
195912,20160505,  167,    0
195912,20160506,  169,    0
195912,20160507,  169,    0
195912,20160508,  174,    0
195912,20160509,  178,    0
195912,20160510,  183,    0
195912,20160511,  166,    0
195912,20160512,  168,    0
195912,20160513,  150,    0
195912,20160514,  168,    0
195912,20160515,  153,    0
195912,20160516,  142,    0
195912,20160517,  146,    0
195912,20160518,  167,    0
195912,20160519,  150,    0
195912,20160520,  184,    0
195912,20160521,  197,    0
195912,20160522,  204,    0
195912,20160523,  181,    0
195912,20160524,  161,    0
195912,20160525,  184,    0
195912,20160526,  201,    0
195912,20160527,  214,    0
195912,20160528,  216,    0
195912,20160529,  190,    0
195912,20160530,  203,    0
195912,20160531,  192,    0
195912,20160601,  187,    0
195912,20160602,  175,    0
195912,20160603,  186,    0
195912,20160604,  187,    0
195912,20160605,  206,    0
195912,20160606,  205,    0
195912,20160607,  226,    0
195912,20160608,  219,    0
195912,20160609,  177,    0
195912,20160610,  198,    0
195912,20160611,  215,    0
195912,20160612,  191,    0
195912,20160613,  208,    0
195912,20160614,  199,    0
195912,20160615,  210,    0
195912,20160616,  219,    0
195912,20160617,  226,    0
195912,20160618,  205,    0
195912,20160619,  189,    0
195912,20160620,  201,    0
195912,20160621,  220,    0
195912,20160622,  246,    0
195912,20160623,  271,    0
195912,20160624,  283,    0
195912,20160625,  277,    0
195912,20160626,  266,    0
195912,20160627,  233,    0
195912,20160628,  237,    0
195912,20160629,  246,    0
195912,20160630,  261,    0
195912,20160701,  267,    0
195912,20160702,  264,    0
195912,20160703,  249,    0
195912,20160704,  251,    0
195912,20160705,  247,    0
195912,20160706,  259,    0
195912,20160707,  258,    0
195912,20160708,  263,    0
195912,20160709,  270,    0
195912,20160710,  280,    0
195912,20160711,  278,    0
195912,20160712,  284,    0
195912,20160713,  268,    0
195912,20160714,  217,    0
195912,20160715,  205,    0
195912,20160716,  213,    0
195912,20160717,  232,    0
195912,20160718,  252,    0
195912,20160719,  264,    0
195912,20160720,  263,    0
195912,20160721,  266,    0
195912,20160722,  269,    0
195912,20160723,  257,    0
195912,20160724,  245,    0
195912,20160725,  264,    0
195912,20160726,  274,    0
195912,20160727,  270,    0
195912,20160728,  245,    0
195912,20160729,  260,    0
195912,20160730,  273,    0
195912,20160731,  264,    0
195912,20160801,  240,    0
195912,20160802,  243,    0
195912,20160803,  257,    0
195912,20160804,  266,    0
195912,20160805,  232,    0
195912,20160806,  236,    0
195912,20160807,  253,    0
195912,20160808,  238,    0
195912,20160809,  243,    0
195912,20160810,  212,    0
195912,20160811,  208,    0
195912,20160812,  202,    0
195912,20160813,  218,    0
195912,20160814,  236,    0
195912,20160815,  247,    0
195912,20160816,  253,    0
195912,20160817,  247,    0
195912,20160818,  230,    0
195912,20160819,  241,    0
195912,20160820,  247,    0
195912,20160821,  243,    0
195912,20160822,  225,    0
195912,20160823,  228,    0
195912,20160824,  239,    0
195912,20160825,  240,    0
195912,20160826,  236,    0
195912,20160827,  220,    0
195912,20160828,  242,    0
195912,20160829,  251,    0
195912,20160830,  254,    0
195912,20160831,  243,    0
195912,20160901,  243,    0
195912,20160902,  254,    0
195912,20160903,  251,    0
195912,20160904,  254,    0
195912,20160905,  235,    0
195912,20160906,  203,    0
195912,20160907,  238,    0
195912,20160908,  234,    0
195912,20160909,  243,    0
195912,20160910,  241,    0
195912,20160911,  240,    0
195912,20160912,  241,    0
195912,20160913,  238,    0
195912,20160914,  227,    0
195912,20160915,  231,    0
195912,20160916,  184,    0
195912,20160917,  199,    0
195912,20160918,  179,    0
195912,20160919,  198,    0
195912,20160920,  192,    0
195912,20160921,  184,    0
195912,20160922,  178,    0
195912,20160923,  167,    0
195912,20160924,  182,    0
195912,20160925,  179,    0
195912,20160926,  183,    0
195912,20160927,  182,    0
195912,20160928,  182,    0
195912,20160929,  179,    0
195912,20160930,  190,    0
195912,20161001,  193,    0
195912,20161002,  189,    0
195912,20161003,  172,    0
195912,20161004,  162,    0
195912,20161005,  146,    0
195912,20161006,  132,    0
195912,20161007,  141,    0
195912,20161008,  127,    0
195912,20161009,  132,    0
195912,20161010,  126,    0
195912,20161011,  113,    0
195912,20161012,  100,    0
195912,20161013,  122,    0
195912,20161014,  151,    0
195912,20161015,  158,    0
195912,20161016,  133,    0
195912,20161017,  146,    0
195912,20161018,  148,    0
195912,20161019,  140,    0
195912,20161020,  127,    0
195912,20161021,  114,    0
195912,20161022,  107,    0
195912,20161023,  134,    0
195912,20161024,  138,    0
195912,20161025,  138,    0
195912,20161026,  148,    0
195912,20161027,  146,    0
195912,20161028,  124,    0
195912,20161029,  116,    0
195912,20161030,  109,    0
195912,20161031,  111,    0
195912,20161101,   98,    0
195912,20161102,  115,    0
195912,20161103,  114,    0
195912,20161104,  101,    0
195912,20161105,  126,    0
195912,20161106,  132,    0
195912,20161107,  106,    0
195912,20161108,   86,    0
195912,20161109,   75,    0
195912,20161110,   72,    0
195912,20161111,   81,    0
195912,20161112,   79,    0
195912,20161113,   54,    0
195912,20161114,   84,    0
195912,20161115,   41,    0
195912,20161116,   45,    0
195912,20161117,   79,    0
195912,20161118,   93,    0
195912,20161119,  104,    0
195912,20161120,   97,    0
195912,20161121,  117,    0
195912,20161122,  137,    0
195912,20161123,  145,    0
195912,20161124,  143,    0
195912,20161125,  150,    0
195912,20161126,  125,    0
195912,20161127,   87,    0
195912,20161128,   83,    0
195912,20161129,   42,    0
195912,20161130,   15,    0
195912,20161201,   18,    0
195912,20161202,   30,    0
195912,20161203,   90,    0
195912,20161204,   74,    0
195912,20161205,   69,    0
195912,20161206,   49,    0
195912,20161207,   25,    0
195912,20161208,    9,    0
195912,20161209,    6,    0
195912,20161210,    1,    0
195912,20161211,    8,    0
195912,20161212,   34,    0
195912,20161213,   25,    0
195912,20161214,   27,    0
195912,20161215,   28,    0
195912,20161216,   44,    0
195912,20161217,    5,    0
195912,20161218,  -14,    0
195912,20161219,   39,    0
195912,20161220,  102,    0
195912,20161221,   74,    0
195912,20161222,   34,    0
195912,20161223,   14,    0
195912,20161224,   13,    0
195912,20161225,   28,    0
195912,20161226,   34,    0
195912,20161227,   10,    0
195912,20161228,   30,    0
195912,20161229,   59,    0
195912,20161230,   13,    0
195912,20161231,  -16,    0
195912,20170101,   -8,    0
195912,20170102,   16,    0
195912,20170103,   37,    0
195912,20170104,    4,    0
195912,20170105,   21,    0
195912,20170106,   -7,    0
195912,20170107,  -28,    0
195912,20170108,  -14,    0
195912,20170109,  -27,    0
195912,20170110,    9,    0
195912,20170111,  -20,    0
195912,20170112,    0,    0
195912,20170113,   12,    0
195912,20170114,   -3,    0
195912,20170115,   13,    0
195912,20170116,   35,    0
195912,20170117,   38,    0
195912,20170118,   41,    0
195912,20170119,   36,    0
195912,20170120,    6,    0
195912,20170121,   -1,    0
195912,20170122,   16,    0
195912,20170123,   34,    0
195912,20170124,   46,    0
195912,20170125,   28,    0
195912,20170126,   10,    0
195912,20170127,   -3,    0
195912,20170128,   22,    0
195912,20170129,    5,    0
195912,20170130,   13,    0
195912,20170131,   49,    0
195912,20170201,   49,    0
195912,20170202,   61,    0
195912,20170203,   76,    0
195912,20170204,   68,    0
195912,20170205,   61,    0
195912,20170206,   83,    0
195912,20170207,   76,    0
195912,20170208,   46,    0
195912,20170209,   47,    0
195912,20170210,   64,    0
195912,20170211,   62,    0
195912,20170212,   73,    0
195912,20170213,   65,    0
195912,20170214,   47,    0
195912,20170215,   59,    0
195912,20170216,   65,    0
195912,20170217,   44,    0
195912,20170218,   66,    0
195912,20170219,   35,    0
195912,20170220,   48,    0
195912,20170221,   40,    0
195912,20170222,   61,    0
195912,20170223,   70,    0
195912,20170224,   74,    0
195912,20170225,   74,    0
195912,20170226,   52,    0
195912,20170227,   65,    0
195912,20170228,  105,    0
195912,20170301,   90,    0
195912,20170302,   91,    0
195912,20170303,   90,    0
195912,20170304,   95,    0
195912,20170305,  106,    0
195912,20170306,   92,    0
195912,20170307,   94,    0
195912,20170308,   97,    0
195912,20170309,   97,    0
195912,20170310,  116,    0
195912,20170311,   87,    0
195912,20170312,   85,    0
195912,20170313,   83,    0
195912,20170314,  104,    0
195912,20170315,  104,    0
195912,20170316,  104,    0
195912,20170317,  109,    0
195912,20170318,  111,    0
195912,20170319,  104,    0
195912,20170320,  119,    0
195912,20170321,  119,    0
195912,20170322,  130,    0
195912,20170323,  140,    0
195912,20170324,  135,    0
195912,20170325,  138,    0
195912,20170326,  126,    0
195912,20170327,  104,    0
195912,20170328,  116,    0
195912,20170329,  151,    0
195912,20170330,  155,    0
195912,20170331,  158,    0
195912,20170401,  146,    0
195912,20170402,  145,    0
195912,20170403,  164,    0
195912,20170404,  171,    0
195912,20170405,  143,    0
195912,20170406,  131,    0
195912,20170407,  141,    0
195912,20170408,  138,    0
195912,20170409,  149,    0
195912,20170410,  159,    0
195912,20170411,  165,    0
195912,20170412,  138,    0
195912,20170413,  168,    0
195912,20170414,  180,    0
195912,20170415,  154,    0
195912,20170416,  156,    0
195912,20170417,  131,    0
195912,20170418,   90,    0
195912,20170419,   89,    0
195912,20170420,  100,    0
195912,20170421,  101,    0
195912,20170422,  113,    0
195912,20170423,  130,    0
195912,20170424,  155,    0
195912,20170425,  154,    0
195912,20170426,  153,    0
195912,20170427,  166,    0
195912,20170428,  135,    0
195912,20170429,  124,    0
195912,20170430,  129,    0
195912,20170501,  128,    0
195912,20170502,  129,    0
195912,20170503,  134,    0
195912,20170504,  140,    0
195912,20170505,  146,    0
195912,20170506,  138,    0
195912,20170507,  132,    0
195912,20170508,  152,    0
195912,20170509,  151,    0
195912,20170510,  149,    0
195912,20170511,  163,    0
195912,20170512,  184,    0
195912,20170513,  196,    0
195912,20170514,  201,    0
195912,20170515,  188,    0
195912,20170516,  208,    0
195912,20170517,  214,    0
195912,20170518,  208,    0
195912,20170519,  212,    0
195912,20170520,  155,    0
195912,20170521,  200,    0
195912,20170522,  209,    0
195912,20170523,  223,    0
195912,20170524,  225,    0
195912,20170525,  202,    0
195912,20170526,  199,    0
195912,20170527,  219,    0
195912,20170528,  227,    0
195912,20170529,  233,    0
195912,20170530,  234,    0
195912,20170531,  241,    0
195912,20170601,  234,    0
195912,20170602,  237,    0
195912,20170603,  242,    0
195912,20170604,  242,    0
195912,20170605,  237,    0
195912,20170606,  229,    0
195912,20170607,  219,    0
195912,20170608,  209,    0
195912,20170609,  216,    0
195912,20170610,  237,    0
195912,20170611,  241,    0
195912,20170612,  250,    0
195912,20170613,  260,    0
195912,20170614,  257,    0
195912,20170615,  245,    0
195912,20170616,  259,    0
195912,20170617,  256,    0
195912,20170618,  244,    0
195912,20170619,  245,    0
195912,20170620,  255,    0
195912,20170621,  271,    0
195912,20170622,  283,    0
195912,20170623,  287,    0
195912,20170624,  287,    0
195912,20170625,  246,    0
195912,20170626,  253,    0
195912,20170627,  254,    0
195912,20170628,  236,    0
195912,20170629,  233,    0
195912,20170630,  222,    0
195912,20170701,  220,    0
195912,20170702,  228,    0
195912,20170703,  244,    0
195912,20170704,  249,    0
195912,20170705,  259,    0
195912,20170706,  270,    0
195912,20170707,  277,    0
195912,20170708,  282,    0
195912,20170709,  280,    0
195912,20170710,  285,    0
195912,20170711,  257,    0
195912,20170712,  256,    0
195912,20170713,  271,    0
195912,20170714,  244,    0
195912,20170715,  250,    0
195912,20170716,  243,    0
195912,20170717,  244,    0
195912,20170718,  251,    0
195912,20170719,  257,    0
195912,20170720,  264,    0
195912,20170721,  270,    0
195912,20170722,  274,    0
195912,20170723,  284,    0
195912,20170724,  245,    0
195912,20170725,  222,    0
195912,20170726,  226,    0
195912,20170727,  245,    0
195912,20170728,  259,    0
195912,20170729,  268,    0
195912,20170730,  260,    0
195912,20170731,  273,    0
195912,20170801,  284,    0
195912,20170802,  300,    0
195912,20170803,  306,    0
195912,20170804,  309,    0
195912,20170805,  305,    0
195912,20170806,  290,    0
195912,20170807,  259,    0
195912,20170808,  261,    0
195912,20170809,  289,    0
195912,20170810,  255,    0
195912,20170811,  234,    0
195912,20170812,  216,    0
195912,20170813,  237,    0
195912,20170814,  250,    0
195912,20170815,  257,    0
195912,20170816,  261,    0
195912,20170817,  270,    0
195912,20170818,  272,    0
195912,20170819,  264,    0
195912,20170820,  243,    0
195912,20170821,  232,    0
195912,20170822,  222,    0
195912,20170823,  228,    0
195912,20170824,  243,    0
195912,20170825,  261,    0
195912,20170826,  263,    0
195912,20170827,  275,    0
195912,20170828,  264,    0
195912,20170829,  244,    0
195912,20170830,  246,    0
195912,20170831,  263,    0
195912,20170901,  239,    0
195912,20170902,  200,    0
195912,20170903,  185,    0
195912,20170904,  204,    0
195912,20170905,  217,    0
195912,20170906,  224,    0
195912,20170907,  213,    0
195912,20170908,  201,    0
195912,20170909,  215,    0
195912,20170910,  188,    0
195912,20170911,  199,    0
195912,20170912,  178,    0
195912,20170913,  180,    0
195912,20170914,  209,    0
195912,20170915,  195,    0
195912,20170916,  173,    0
195912,20170917,  184,    0
195912,20170918,  167,    0
195912,20170919,  135,    0
195912,20170920,  164,    0
195912,20170921,  166,    0
195912,20170922,  164,    0
195912,20170923,  174,    0
195912,20170924,  157,    0
195912,20170925,  161,    0
195912,20170926,  170,    0
195912,20170927,  180,    0
195912,20170928,  178,    0
195912,20170929,  170,    0
195912,20170930,  166,    0
195912,20171001,  154,    0
195912,20171002,  165,    0
195912,20171003,  162,    0
195912,20171004,  180,    0
195912,20171005,  186,    0
195912,20171006,  161,    0
195912,20171007,  143,    0
195912,20171008,  148,    0
195912,20171009,  154,    0
195912,20171010,  155,    0
195912,20171011,  153,    0
195912,20171012,  153,    0
195912,20171013,  144,    0
195912,20171014,  144,    0
195912,20171015,  150,    0
195912,20171016,  155,    0
195912,20171017,  141,    0
195912,20171018,  157,    0
195912,20171019,  149,    0
195912,20171020,  145,    0
195912,20171021,  156,    0
195912,20171022,  159,    0
195912,20171023,  125,    0
195912,20171024,  123,    0
195912,20171025,  125,    0
195912,20171026,  127,    0
195912,20171027,  119,    0
195912,20171028,  111,    0
195912,20171029,  115,    0
195912,20171030,  147,    0
195912,20171031,  124,    0
195912,20171101,  103,    0
195912,20171102,  111,    0
195912,20171103,  117,    0
195912,20171104,  132,    0
195912,20171105,  145,    0
195912,20171106,  122,    0
195912,20171107,  112,    0
195912,20171108,  109,    0
195912,20171109,  107,    0
195912,20171110,  104,    0
195912,20171111,   69,    0
195912,20171112,   83,    0
195912,20171113,   74,    0
195912,20171114,  106,    0
195912,20171115,  102,    0
195912,20171116,   87,    0
195912,20171117,   82,    0
195912,20171118,   82,    0
195912,20171119,   57,    0
195912,20171120,   55,    0
195912,20171121,   61,    0
195912,20171122,   83,    0
195912,20171123,  107,    0
195912,20171124,   96,    0
195912,20171125,  108,    0
195912,20171126,   73,    0
195912,20171127,   35,    0
195912,20171128,   33,    0
195912,20171129,   63,    0
195912,20171130,   48,    0
195912,20171201,   49,    0
195912,20171202,   65,    0
195912,20171203,   38,    0
195912,20171204,   15,    0
195912,20171205,   13,    0
195912,20171206,   20,    0
195912,20171207,   36,    0
195912,20171208,   62,    0
195912,20171209,   41,    0
195912,20171210,   18,    0
195912,20171211,   88,    0
195912,20171212,  101,    0
195912,20171213,   40,    0
195912,20171214,   54,    0
195912,20171215,   54,    0
195912,20171216,   57,    0
195912,20171217,   18,    0
195912,20171218,    8,    0
195912,20171219,    9,    0
195912,20171220,   16,    0
195912,20171221,    3,    0
195912,20171222,   12,    0
195912,20171223,   18,    0
195912,20171224,   20,    0
195912,20171225,   13,    0
195912,20171226,   56,    0
195912,20171227,   95,    0
195912,20171228,   53,    0
195912,20171229,   43,    0
195912,20171230,   17,    0
195912,20171231,   24,    0
195912,20180101,   44,    0
195912,20180102,   30,    0
195912,20180103,   28,    0
195912,20180104,   43,    0
195912,20180105,   64,    0
195912,20180106,   81,    0
195912,20180107,  102,    0
195912,20180108,  130,    0
195912,20180109,  118,    0
195912,20180110,   82,    0
195912,20180111,   78,    0
195912,20180112,   71,    0
195912,20180113,   80,    0
195912,20180114,   50,    0
195912,20180115,   53,    0
195912,20180116,   53,    0
195912,20180117,   58,    0
195912,20180118,   48,    0
195912,20180119,   35,    0
195912,20180120,   38,    0
195912,20180121,   50,    0
195912,20180122,   51,    0
195912,20180123,   45,    0
195912,20180124,   44,    0
195912,20180125,   50,    0
195912,20180126,   59,    0
195912,20180127,   76,    0
195912,20180128,   67,    0
195912,20180129,   35,    0
195912,20180130,   48,    0
195912,20180131,   61,    0
195912,20180201,   97,    0
195912,20180202,   73,    0
195912,20180203,   47,    0
195912,20180204,   44,    0
195912,20180205,   65,    0
195912,20180206,   71,    0
195912,20180207,   66,    0
195912,20180208,   60,    0
195912,20180209,   52,    0
195912,20180210,   54,    0
195912,20180211,   43,    0
195912,20180212,   40,    0
195912,20180213,   45,    0
195912,20180214,   25,    0
195912,20180215,   26,    0
195912,20180216,   40,    0
195912,20180217,   42,    0
195912,20180218,   52,    0
195912,20180219,   51,    0
195912,20180220,   25,    0
195912,20180221,-9999,    9
195912,20180222,-9999,    9
195912,20180223,-9999,    9
195912,20180224,-9999,    9
195912,20180225,-9999,    9
195912,20180226,-9999,    9
195912,20180227,-9999,    9
195912,20180228,-9999,    9
195912,20180301,-9999,    9
195912,20180302,-9999,    9
195912,20180303,-9999,    9
195912,20180304,-9999,    9
195912,20180305,-9999,    9
195912,20180306,-9999,    9
195912,20180307,-9999,    9
195912,20180308,-9999,    9
195912,20180309,-9999,    9
195912,20180310,-9999,    9
195912,20180311,-9999,    9
195912,20180312,-9999,    9
195912,20180313,-9999,    9
195912,20180314,-9999,    9
195912,20180315,-9999,    9
195912,20180316,-9999,    9
195912,20180317,-9999,    9
195912,20180318,-9999,    9
195912,20180319,-9999,    9
195912,20180320,-9999,    9
195912,20180321,-9999,    9
195912,20180322,-9999,    9
195912,20180323,-9999,    9
195912,20180324,-9999,    9
195912,20180325,-9999,    9
195912,20180326,-9999,    9
195912,20180327,-9999,    9
195912,20180328,-9999,    9
195912,20180329,-9999,    9
195912,20180330,-9999,    9
195912,20180331,-9999,    9
195912,20180401,-9999,    9
195912,20180402,-9999,    9
195912,20180403,-9999,    9
195912,20180404,-9999,    9
195912,20180405,-9999,    9
195912,20180406,-9999,    9
194984,20180407,  162,    0
194984,20180408,  175,    0
194984,20180409,  172,    0
194984,20180410,  187,    0
194984,20180411,  169,    0
194984,20180412,  177,    0
194984,20180413,  168,    0
194984,20180414,  175,    0
194984,20180415,  178,    0
194984,20180416,  191,    0
194984,20180417,  183,    0
194984,20180418,  192,    0
194984,20180419,  199,    0
195912,20180420,-9999,    9
194984,20180421,  207,    0
194984,20180422,  195,    0
194984,20180423,  202,    0
194984,20180424,  224,    0
194984,20180425,  238,    0
195912,20180426,-9999,    9
194984,20180427,  219,    0
194984,20180428,  224,    0
194984,20180429,  221,    0
194984,20180430,  220,    0
194984,20180501,  190,    0
194984,20180502,  192,    0
194984,20180503,  190,    0
194984,20180504,  208,    0
194984,20180505,  222,    0
194984,20180506,  238,    0
194984,20180507,  244,    0
194984,20180508,  235,    0
194984,20180509,  220,    0
194984,20180510,  223,    0
194984,20180511,  232,    0
194984,20180512,  243,    0
194984,20180513,  229,    0
194984,20180514,  201,    0
194984,20180515,  177,    0
194984,20180516,  196,    0
194984,20180517,  194,    0
194984,20180518,  211,    0
194984,20180519,  225,    0
194984,20180520,  233,    0
194984,20180521,  243,    0
194984,20180522,  219,    0
194984,20180523,  223,    0
194984,20180524,  258,    0
194984,20180525,  265,    0
194984,20180526,  265,    0
194984,20180527,  273,    0
194984,20180528,  275,    0
194984,20180529,  267,    0
194984,20180530,  255,    0
194984,20180531,  253,    0
194984,20180601,  249,    0
194984,20180602,  249,    0
194984,20180603,  260,    0
194984,20180604,  256,    0
194984,20180605,  267,    0
194984,20180606,  270,    0
194984,20180607,  268,    0
194984,20180608,  233,    0
194984,20180609,  273,    0
194984,20180610,  282,    0
194984,20180611,  286,    0
194984,20180612,  284,    0
194984,20180613,  261,    0
194984,20180614,  249,    0
194984,20180615,  253,    0
194984,20180616,  266,    0
194984,20180617,  281,    0
194984,20180618,  276,    0
194984,20180619,  285,    0
194984,20180620,  263,    0
194984,20180621,  262,    0
194984,20180622,  212,    0
194984,20180623,  207,    0
194984,20180624,  209,    0
194984,20180625,  189,    0
194984,20180626,  219,    0
194984,20180627,  216,    0
194984,20180628,  225,    0
194984,20180629,  260,    0
194984,20180630,  272,    0
194984,20180701,  241,    0
194984,20180702,  244,    0
194984,20180703,  253,    0
194984,20180704,  261,    0
194984,20180705,  260,    0
194984,20180706,  242,    0
194984,20180707,  260,    0
194984,20180708,  251,    0
194984,20180709,  252,    0
194984,20180710,  257,    0
194984,20180711,  216,    0
194984,20180712,  244,    0
194984,20180713,  250,    0
194984,20180714,  257,    0
194984,20180715,  258,    0
194984,20180716,  223,    0
194984,20180717,  251,    0
194984,20180718,  273,    0
194984,20180719,  277,    0
194984,20180720,  267,    0
194984,20180721,  237,    0
194984,20180722,  250,    0
194984,20180723,  252,    0
194984,20180724,  268,    0
194984,20180725,  278,    0
194984,20180726,  268,    0
194984,20180727,  266,    0
194984,20180728,  282,    0
194984,20180729,  271,    0
194984,20180730,  293,    0
194984,20180731,  298,    0
194984,20180801,  304,    0
194984,20180802,  274,    0
194984,20180803,  280,    0
194984,20180804,  283,    0
194984,20180805,  290,    0
194984,20180806,  282,    0
194984,20180807,  282,    0
194984,20180808,  283,    0
194984,20180809,  261,    0
194984,20180810,  267,    0
194984,20180811,  273,    0
194984,20180812,  255,    0
194984,20180813,  255,    0
194984,20180814,  229,    0
194984,20180815,  241,    0
194984,20180816,  251,    0
194984,20180817,  257,    0
194984,20180818,  263,    0
194984,20180819,  268,    0
194984,20180820,  272,    0
194984,20180821,  274,    0
194984,20180822,  272,    0
194984,20180823,  277,    0
194984,20180824,  266,    0
194984,20180825,  230,    0
194984,20180826,  176,    0
194984,20180827,  206,    0
194984,20180828,  229,    0
194984,20180829,  239,    0
194984,20180830,  242,    0
194984,20180831,  230,    0
194984,20180901,  200,    0
194984,20180902,  194,    0
194984,20180903,  210,    0
194984,20180904,  220,    0
194984,20180905,  228,    0
194984,20180906,  232,    0
194984,20180907,  211,    0
194984,20180908,  227,    0
194984,20180909,  232,    0
194984,20180910,  239,    0
194984,20180911,  243,    0
194984,20180912,  244,    0
194984,20180913,  238,    0
194984,20180914,  244,    0
194984,20180915,  225,    0
194984,20180916,  229,    0
194984,20180917,  231,    0
194984,20180918,  234,    0
194984,20180919,  230,    0
194984,20180920,  236,    0
194984,20180921,  240,    0
194984,20180922,  238,    0
194984,20180923,  226,    0
194984,20180924,  202,    0
194984,20180925,  171,    0
194984,20180926,  145,    0
194984,20180927,  159,    0
194984,20180928,  184,    0
194984,20180929,  186,    0
194984,20180930,  163,    0
194984,20181001,  148,    0
194984,20181002,  158,    0
194984,20181003,  153,    0
194984,20181004,  165,    0
194984,20181005,  164,    0
194984,20181006,  166,    0
194984,20181007,  177,    0
194984,20181008,  178,    0
194984,20181009,  184,    0
194984,20181010,  178,    0
194984,20181011,  181,    0
194984,20181012,  187,    0
194984,20181013,  175,    0
194984,20181014,  168,    0
194984,20181015,  170,    0
194984,20181016,  178,    0
194984,20181017,  170,    0
194984,20181018,  180,    0
194984,20181019,  174,    0
194984,20181020,  165,    0
194984,20181021,  127,    0
194984,20181022,  135,    0
194984,20181023,  140,    0
194984,20181024,  143,    0
194984,20181025,  155,    0
194984,20181026,  147,    0
194984,20181027,  194,    0
194984,20181028,  187,    0
194984,20181029,  181,    0
194984,20181030,  145,    0
194984,20181031,  142,    0
194984,20181101,  159,    0
194984,20181102,  145,    0
194984,20181103,  156,    0
194984,20181104,  155,    0
194984,20181105,  171,    0
194984,20181106,  164,    0
194984,20181107,  156,    0
194984,20181108,  149,    0
194984,20181109,  126,    0
194984,20181110,  131,    0
194984,20181111,  140,    0
194984,20181112,  135,    0
194984,20181113,  144,    0
194984,20181114,  136,    0
194984,20181115,  111,    0
194984,20181116,  103,    0
194984,20181117,   93,    0
194984,20181118,   59,    0
194984,20181119,   65,    0
194984,20181120,   59,    0
194984,20181121,   76,    0
194984,20181122,   80,    0
194984,20181123,   95,    0
194984,20181124,  118,    0
194984,20181125,   97,    0
194984,20181126,   99,    0
194984,20181127,   97,    0
194984,20181128,   79,    0
194984,20181129,   42,    0
194984,20181130,   33,    0
194984,20181201,   52,    0
194984,20181202,   58,    0
194984,20181203,   77,    0
194984,20181204,   65,    0
194984,20181205,   57,    0
194984,20181206,   86,    0
194984,20181207,   69,    0
194984,20181208,   81,    0
194984,20181209,   44,    0
194984,20181210,   62,    0
194984,20181211,   45,    0
194984,20181212,   24,    0
195912,20181213,   42,    0
195912,20181214,   47,    0
195912,20181215,   13,    0
195912,20181216,   10,    0
195912,20181217,   27,    0
195912,20181218,   -1,    0
195912,20181219,    9,    0
195912,20181220,   32,    0
195912,20181221,   23,    0
195912,20181222,   35,    0
195912,20181223,   42,    0
195912,20181224,   42,    0
195912,20181225,   41,    0
195912,20181226,   22,    0
195912,20181227,    5,    0
195912,20181228,    9,    0
195912,20181229,   -1,    0
195912,20181230,   -4,    0
195912,20181231,   16,    0
195912,20190101,   39,    0
195912,20190102,   25,    0
195912,20190103,   13,    0
195912,20190104,    3,    0
195912,20190105,  -11,    0
195912,20190106,    0,    0
195912,20190107,   41,    0
195912,20190108,    6,    0
195912,20190109,    0,    0
195912,20190110,   13,    0
195912,20190111,   20,    0
195912,20190112,    7,    0
195912,20190113,   18,    0
195912,20190114,   33,    0
195912,20190115,   34,    0
195912,20190116,   39,    0
195912,20190117,   71,    0
195912,20190118,   64,    0
195912,20190119,   45,    0
195912,20190120,   20,    0
195912,20190121,   37,    0
195912,20190122,   38,    0
195912,20190123,   24,    0
195912,20190124,   49,    0
195912,20190125,   38,    0
195912,20190126,   10,    0
195912,20190127,   37,    0
195912,20190128,   35,    0
195912,20190129,   43,    0
195912,20190130,   25,    0
195912,20190131,   40,    0
195912,20190201,   67,    0
195912,20190202,   61,    0
195912,20190203,   56,    0
195912,20190204,   65,    0
195912,20190205,   46,    0
195912,20190206,   52,    0
195912,20190207,   44,    0
195912,20190208,   59,    0
195912,20190209,   57,    0
195912,20190210,   92,    0
195912,20190211,   68,    0
195912,20190212,   58,    0
195912,20190213,   61,    0
195912,20190214,   46,    0
195912,20190215,   50,    0
195912,20190216,   65,    0
195912,20190217,   75,    0
195912,20190218,   68,    0
195912,20190219,   44,    0
195912,20190220,   66,    0
195912,20190221,   53,    0
195912,20190222,   59,    0
195912,20190223,   55,    0
195912,20190224,   49,    0
195912,20190225,   77,    0
195912,20190226,   99,    0
195912,20190227,  107,    0
195912,20190228,  101,    0
195912,20190301,   83,    0
195912,20190302,   85,    0
195912,20190303,   81,    0
195912,20190304,   95,    0
195912,20190305,  100,    0
195912,20190306,  102,    0
195912,20190307,  136,    0
195912,20190308,  139,    0
196648,20190309,  123,    0
196648,20190310,  110,    0
195912,20190311,  102,    0
195912,20190312,   85,    0
195912,20190313,   63,    0
195912,20190314,   68,    0
195912,20190315,   87,    0
195912,20190316,  107,    0
195912,20190317,  124,    0
195912,20190318,   95,    0
195912,20190319,   97,    0
195912,20190320,  107,    0
195912,20190321,  103,    0
195912,20190322,  107,    0
195912,20190323,  127,    0
195912,20190324,  141,    0
195912,20190325,  132,    0
195912,20190326,   97,    0
194984,20190327,   89,    0
195912,20190328,  107,    0
195912,20190329,  115,    0
195912,20190330,  120,    0
195912,20190331,  129,    0
195912,20190401,  144,    0
195912,20190402,  148,    0
194984,20190403,  142,    0
195912,20190404,  133,    0
195912,20190405,   96,    0
195912,20190406,  117,    0
195912,20190407,  119,    0
195912,20190408,  113,    0
195912,20190409,  118,    0
195912,20190410,  129,    0
195912,20190411,  123,    0
194984,20190412,  118,    0
195912,20190413,  108,    0
195912,20190414,  105,    0
195912,20190415,  137,    0
194984,20190416,  128,    0
195912,20190417,  143,    0
195912,20190418,  155,    0
195912,20190419,  158,    0
195912,20190420,  163,    0
195912,20190421,  155,    0
195912,20190422,  152,    0
195912,20190423,  149,    0
195912,20190424,  172,    0
195912,20190425,  159,    0
195912,20190426,  170,    0
195912,20190427,  157,    0
195912,20190428,  105,    0
195912,20190429,  101,    0
195912,20190430,  140,    0
195912,20190501,  169,    0
195912,20190502,  171,    0
195912,20190503,  147,    0
195912,20190504,  146,    0
195912,20190505,   98,    0
195912,20190506,  119,    0
195912,20190507,  138,    0
195912,20190508,  138,    0
195912,20190509,  147,    0
195912,20190510,  169,    0
195912,20190511,  173,    0
195912,20190512,  121,    0
195912,20190513,  136,    0
195912,20190514,  123,    0
194984,20190515,  103,    0
195912,20190516,  136,    0
195912,20190517,  152,    0
195912,20190518,  147,    0
195912,20190519,  160,    0
195912,20190520,  156,    0
195912,20190521,  165,    0
195912,20190522,  178,    0
195912,20190523,  189,    0
195912,20190524,  200,    0
195912,20190525,  201,    0
195912,20190526,  185,    0
195912,20190527,  160,    0
195912,20190528,  175,    0
195912,20190529,  142,    0
195912,20190530,  168,    0
195912,20190531,-9999,    9
195912,20190601,-9999,    9
195912,20190602,-9999,    9
195912,20190603,-9999,    9
195912,20190604,-9999,    9
195912,20190605,-9999,    9
195912,20190606,-9999,    9
195912,20190607,-9999,    9
195912,20190608,-9999,    9
195912,20190609,-9999,    9
195912,20190610,-9999,    9
195912,20190611,-9999,    9
195912,20190612,-9999,    9
195912,20190613,-9999,    9
195912,20190614,-9999,    9
195912,20190615,-9999,    9
195912,20190616,-9999,    9
195912,20190617,-9999,    9
195912,20190618,-9999,    9
195912,20190619,-9999,    9
195912,20190620,-9999,    9
195912,20190621,-9999,    9
195912,20190622,-9999,    9
195912,20190623,-9999,    9
195912,20190624,-9999,    9
195912,20190625,-9999,    9
195912,20190626,-9999,    9
195912,20190627,-9999,    9
195912,20190628,-9999,    9
195912,20190629,-9999,    9
195912,20190630,-9999,    9
195912,20190701,-9999,    9
195912,20190702,-9999,    9
195912,20190703,-9999,    9
195912,20190704,-9999,    9
195912,20190705,-9999,    9
195912,20190706,-9999,    9
195912,20190707,-9999,    9
195912,20190708,-9999,    9
195912,20190709,-9999,    9
195912,20190710,-9999,    9
195912,20190711,-9999,    9
195912,20190712,-9999,    9
195912,20190713,-9999,    9
195912,20190714,-9999,    9
195912,20190715,-9999,    9
195912,20190716,-9999,    9
195912,20190717,-9999,    9
195912,20190718,-9999,    9
195912,20190719,-9999,    9
195912,20190720,-9999,    9
195912,20190721,-9999,    9
195912,20190722,-9999,    9
195912,20190723,-9999,    9
195912,20190724,-9999,    9
195912,20190725,-9999,    9
195912,20190726,-9999,    9
195912,20190727,-9999,    9
195912,20190728,-9999,    9
195912,20190729,-9999,    9
195912,20190730,-9999,    9
195912,20190731,-9999,    9
195912,20190801,-9999,    9
195912,20190802,-9999,    9
195912,20190803,-9999,    9
195912,20190804,-9999,    9
195912,20190805,-9999,    9
195912,20190806,-9999,    9
195912,20190807,-9999,    9
195912,20190808,-9999,    9
195912,20190809,-9999,    9
195912,20190810,-9999,    9
195912,20190811,-9999,    9
195912,20190812,-9999,    9
195912,20190813,-9999,    9
195912,20190814,-9999,    9
195912,20190815,-9999,    9
195912,20190816,-9999,    9
195912,20190817,-9999,    9
195912,20190818,-9999,    9
195912,20190819,-9999,    9
195912,20190820,-9999,    9
195912,20190821,-9999,    9
195912,20190822,-9999,    9
195912,20190823,-9999,    9
195912,20190824,-9999,    9
195912,20190825,-9999,    9
195912,20190826,-9999,    9
195912,20190827,-9999,    9
195912,20190828,-9999,    9
195912,20190829,-9999,    9
195912,20190830,-9999,    9
195912,20190831,-9999,    9
195912,20190901,-9999,    9
195912,20190902,-9999,    9
195912,20190903,-9999,    9
195912,20190904,-9999,    9
195912,20190905,-9999,    9
195912,20190906,-9999,    9
195912,20190907,-9999,    9
195912,20190908,-9999,    9
195912,20190909,-9999,    9
195912,20190910,-9999,    9
195912,20190911,-9999,    9
195912,20190912,-9999,    9
195912,20190913,-9999,    9
195912,20190914,-9999,    9
195912,20190915,-9999,    9
195912,20190916,-9999,    9
195912,20190917,-9999,    9
195912,20190918,-9999,    9
195912,20190919,-9999,    9
195912,20190920,-9999,    9
195912,20190921,-9999,    9
195912,20190922,-9999,    9
195912,20190923,-9999,    9
195912,20190924,-9999,    9
195912,20190925,-9999,    9
195912,20190926,-9999,    9
195912,20190927,-9999,    9
195912,20190928,-9999,    9
195912,20190929,-9999,    9
195912,20190930,-9999,    9
195912,20191001,-9999,    9
195912,20191002,-9999,    9
195912,20191003,-9999,    9
195912,20191004,-9999,    9
195912,20191005,-9999,    9
195912,20191006,-9999,    9
195912,20191007,-9999,    9
195912,20191008,-9999,    9
195912,20191009,-9999,    9
195912,20191010,-9999,    9
195912,20191011,-9999,    9
195912,20191012,-9999,    9
195912,20191013,-9999,    9
195912,20191014,-9999,    9
195912,20191015,-9999,    9
195912,20191016,-9999,    9
195912,20191017,-9999,    9
195912,20191018,-9999,    9
195912,20191019,-9999,    9
195912,20191020,-9999,    9
195912,20191021,-9999,    9
195912,20191022,-9999,    9
195912,20191023,-9999,    9
195912,20191024,-9999,    9
195912,20191025,-9999,    9
195912,20191026,-9999,    9
195912,20191027,-9999,    9
195912,20191028,-9999,    9
195912,20191029,-9999,    9
195912,20191030,-9999,    9
195912,20191031,-9999,    9
195912,20191101,-9999,    9
195912,20191102,-9999,    9
195912,20191103,-9999,    9
195912,20191104,-9999,    9
195912,20191105,-9999,    9
195912,20191106,-9999,    9
195912,20191107,-9999,    9
195912,20191108,-9999,    9
195912,20191109,-9999,    9
195912,20191110,-9999,    9
195912,20191111,-9999,    9
195912,20191112,-9999,    9
195912,20191113,-9999,    9
195912,20191114,-9999,    9
195912,20191115,-9999,    9
195912,20191116,-9999,    9
195912,20191117,-9999,    9
195912,20191118,-9999,    9
195912,20191119,-9999,    9
195912,20191120,-9999,    9
195912,20191121,-9999,    9
195912,20191122,-9999,    9
195912,20191123,-9999,    9
195912,20191124,-9999,    9
195912,20191125,-9999,    9
195912,20191126,-9999,    9
195912,20191127,-9999,    9
195912,20191128,-9999,    9
195912,20191129,-9999,    9
195912,20191130,-9999,    9
195912,20191201,-9999,    9
195912,20191202,-9999,    9
195912,20191203,-9999,    9
195912,20191204,-9999,    9
195912,20191205,-9999,    9
195912,20191206,-9999,    9
195912,20191207,-9999,    9
195912,20191208,-9999,    9
195912,20191209,-9999,    9
195912,20191210,-9999,    9
195912,20191211,-9999,    9
195912,20191212,-9999,    9
195912,20191213,-9999,    9
195912,20191214,-9999,    9
195912,20191215,-9999,    9
195912,20191216,-9999,    9
195912,20191217,-9999,    9
195912,20191218,-9999,    9
195912,20191219,-9999,    9
195912,20191220,-9999,    9
195912,20191221,-9999,    9
195912,20191222,-9999,    9
195912,20191223,-9999,    9
195912,20191224,-9999,    9
195912,20191225,-9999,    9
195912,20191226,-9999,    9
195912,20191227,-9999,    9
195912,20191228,-9999,    9
195912,20191229,-9999,    9
195912,20191230,-9999,    9
195912,20191231,   20,    0
195912,20200101,   19,    0
195912,20200102,   26,    0
195912,20200103,   19,    0
195912,20200104,   34,    0
195912,20200105,   43,    0
195912,20200106,   38,    0
195912,20200107,   -1,    0
195912,20200108,    3,    0
195912,20200109,    1,    0
195912,20200110,   16,    0
195912,20200111,   30,    0
195912,20200112,   28,    0
195912,20200113,    4,    0
195912,20200114,   15,    0
195912,20200115,   53,    0
195912,20200116,   48,    0
195912,20200117,   50,    0
195912,20200118,   71,    0
195912,20200119,   69,    0
195912,20200120,   65,    0
195912,20200121,   33,    0
195912,20200122,   30,    0
195912,20200123,   29,    0
195912,20200124,   40,    0
195912,20200125,   67,    0
195912,20200126,   64,    0
195912,20200127,   54,    0
195912,20200128,   85,    0
195912,20200129,   63,    0
195912,20200130,   63,    0
195912,20200131,-9999,    9
195912,20200201,-9999,    9
195912,20200202,-9999,    9
195912,20200203,-9999,    9
195912,20200204,-9999,    9
195912,20200205,-9999,    9
195912,20200206,-9999,    9
195912,20200207,-9999,    9
195912,20200208,-9999,    9
195912,20200209,-9999,    9
195912,20200210,-9999,    9
195912,20200211,-9999,    9
195912,20200212,-9999,    9
195912,20200213,-9999,    9
195912,20200214,-9999,    9
195912,20200215,-9999,    9
195912,20200216,-9999,    9
195912,20200217,-9999,    9
195912,20200218,-9999,    9
195912,20200219,-9999,    9
195912,20200220,-9999,    9
195912,20200221,-9999,    9
195912,20200222,-9999,    9
195912,20200223,-9999,    9
195912,20200224,-9999,    9
195912,20200225,-9999,    9
195912,20200226,-9999,    9
195912,20200227,-9999,    9
195912,20200228,-9999,    9
195912,20200229,-9999,    9
195912,20200301,-9999,    9
195912,20200302,-9999,    9
195912,20200303,-9999,    9
195912,20200304,-9999,    9
195912,20200305,-9999,    9
195912,20200306,-9999,    9
195912,20200307,-9999,    9
195912,20200308,-9999,    9
195912,20200309,-9999,    9
195912,20200310,-9999,    9
195912,20200311,-9999,    9
195912,20200312,-9999,    9
195912,20200313,-9999,    9
195912,20200314,-9999,    9
195912,20200315,-9999,    9
195912,20200316,-9999,    9
195912,20200317,-9999,    9
195912,20200318,-9999,    9
195912,20200319,-9999,    9
195912,20200320,-9999,    9
195912,20200321,-9999,    9
195912,20200322,-9999,    9
195912,20200323,-9999,    9
195912,20200324,-9999,    9
195912,20200325,-9999,    9
195912,20200326,-9999,    9
195912,20200327,-9999,    9
195912,20200328,-9999,    9
195912,20200329,-9999,    9
195912,20200330,-9999,    9
195912,20200331,-9999,    9
195912,20200401,-9999,    9
195912,20200402,-9999,    9
195912,20200403,-9999,    9
195912,20200404,-9999,    9
195912,20200405,-9999,    9
195912,20200406,-9999,    9
195912,20200407,-9999,    9
195912,20200408,-9999,    9
195912,20200409,-9999,    9
195912,20200410,-9999,    9
195912,20200411,-9999,    9
195912,20200412,-9999,    9
195912,20200413,-9999,    9
195912,20200414,-9999,    9
195912,20200415,-9999,    9
195912,20200416,-9999,    9
195912,20200417,-9999,    9
195912,20200418,-9999,    9
195912,20200419,-9999,    9
195912,20200420,-9999,    9
195912,20200421,-9999,    9
195912,20200422,-9999,    9
195912,20200423,-9999,    9
195912,20200424,-9999,    9
195912,20200425,-9999,    9
195912,20200426,-9999,    9
195912,20200427,-9999,    9
195912,20200428,-9999,    9
195912,20200429,-9999,    9
195912,20200430,-9999,    9
195912,20200501,-9999,    9
195912,20200502,-9999,    9
195912,20200503,-9999,    9
195912,20200504,-9999,    9
195912,20200505,-9999,    9
195912,20200506,-9999,    9
195912,20200507,-9999,    9
195912,20200508,-9999,    9
195912,20200509,-9999,    9
195912,20200510,-9999,    9
195912,20200511,-9999,    9
195912,20200512,-9999,    9
195912,20200513,-9999,    9
195912,20200514,-9999,    9
195912,20200515,-9999,    9
195912,20200516,-9999,    9
195912,20200517,-9999,    9
195912,20200518,-9999,    9
195912,20200519,-9999,    9
195912,20200520,-9999,    9
195912,20200521,-9999,    9
195912,20200522,-9999,    9
195912,20200523,-9999,    9
195912,20200524,-9999,    9
195912,20200525,-9999,    9
195912,20200526,-9999,    9
195912,20200527,-9999,    9
195912,20200528,-9999,    9
195912,20200529,-9999,    9
195912,20200530,-9999,    9
195912,20200531,-9999,    9
195912,20200601,-9999,    9
195912,20200602,-9999,    9
195912,20200603,-9999,    9
195912,20200604,-9999,    9
195912,20200605,-9999,    9
195912,20200606,-9999,    9
195912,20200607,-9999,    9
195912,20200608,-9999,    9
195912,20200609,-9999,    9
195912,20200610,-9999,    9
195912,20200611,-9999,    9
195912,20200612,-9999,    9
195912,20200613,-9999,    9
195912,20200614,-9999,    9
195912,20200615,-9999,    9
195912,20200616,-9999,    9
195912,20200617,-9999,    9
195912,20200618,-9999,    9
195912,20200619,-9999,    9
195912,20200620,-9999,    9
195912,20200621,-9999,    9
195912,20200622,-9999,    9
195912,20200623,-9999,    9
195912,20200624,-9999,    9
195912,20200625,-9999,    9
195912,20200626,-9999,    9
195912,20200627,-9999,    9
195912,20200628,-9999,    9
195912,20200629,-9999,    9
195912,20200630,-9999,    9
195912,20200701,-9999,    9
195912,20200702,-9999,    9
195912,20200703,-9999,    9
195912,20200704,-9999,    9
195912,20200705,-9999,    9
195912,20200706,-9999,    9
195912,20200707,-9999,    9
195912,20200708,-9999,    9
195912,20200709,-9999,    9
195912,20200710,-9999,    9
195912,20200711,-9999,    9
195912,20200712,-9999,    9
195912,20200713,-9999,    9
195912,20200714,-9999,    9
195912,20200715,-9999,    9
195912,20200716,-9999,    9
195912,20200717,-9999,    9
195912,20200718,-9999,    9
195912,20200719,-9999,    9
195912,20200720,-9999,    9
195912,20200721,-9999,    9
195912,20200722,-9999,    9
195912,20200723,-9999,    9
195912,20200724,-9999,    9
195912,20200725,-9999,    9
195912,20200726,-9999,    9
195912,20200727,-9999,    9
195912,20200728,-9999,    9
195912,20200729,-9999,    9
195912,20200730,-9999,    9
195912,20200731,-9999,    9
195912,20200801,-9999,    9
195912,20200802,-9999,    9
195912,20200803,-9999,    9
195912,20200804,-9999,    9
195912,20200805,-9999,    9
195912,20200806,-9999,    9
195912,20200807,-9999,    9
195912,20200808,-9999,    9
195912,20200809,-9999,    9
195912,20200810,-9999,    9
195912,20200811,-9999,    9
195912,20200812,-9999,    9
195912,20200813,-9999,    9
195912,20200814,-9999,    9
195912,20200815,-9999,    9
195912,20200816,-9999,    9
195912,20200817,-9999,    9
194984,20200818,  239,    0
194984,20200819,  248,    0
194984,20200820,  261,    0
194984,20200821,  267,    0
194984,20200822,  272,    0
194984,20200823,  256,    0
194984,20200824,  239,    0
194984,20200825,  237,    0
194984,20200826,  258,    0
194984,20200827,  257,    0
194984,20200828,  261,    0
194984,20200829,  261,    0
194984,20200830,  233,    0
195912,20200831,-9999,    9
194984,20200901,  202,    0
194984,20200902,  204,    0
194984,20200903,  213,    0
194984,20200904,  224,    0
194984,20200905,  230,    0
194984,20200906,  230,    0
194984,20200907,  225,    0
194984,20200908,  220,    0
194984,20200909,  228,    0
194984,20200910,  238,    0
194984,20200911,  240,    0
194984,20200912,  237,    0
194984,20200913,  241,    0
194984,20200914,  243,    0
194984,20200915,  241,    0
194984,20200916,  241,    0
194984,20200917,  244,    0
194984,20200918,  225,    0
194984,20200919,  205,    0
194984,20200920,  205,    0
194984,20200921,  212,    0
194984,20200922,  200,    0
194984,20200923,  201,    0
194984,20200924,  211,    0
194984,20200925,  195,    0
194984,20200926,  151,    0
194984,20200927,  125,    0
194984,20200928,  141,    0
194984,20200929,  155,    0
194984,20200930,  170,    0
194984,20201001,  175,    0
194984,20201002,  192,    0
194984,20201003,  182,    0
194984,20201004,  181,    0
194984,20201005,  165,    0
194984,20201006,  163,    0
194984,20201007,  163,    0
194984,20201008,  153,    0
194984,20201009,  154,    0
194984,20201010,  164,    0
194984,20201011,  126,    0
194984,20201012,  121,    0
194984,20201013,  123,    0
194984,20201014,  114,    0
194984,20201015,  122,    0
194984,20201016,  122,    0
194984,20201017,  121,    0
194984,20201018,  127,    0
194984,20201019,  126,    0
194984,20201020,  123,    0
194984,20201021,  117,    0
194984,20201022,  116,    0
194984,20201023,  125,    0
194984,20201024,  140,    0
194984,20201025,  146,    0
194984,20201026,  169,    0
194984,20201027,  136,    0
194984,20201028,  115,    0
194984,20201029,  121,    0
194984,20201030,  131,    0
195912,20201031,-9999,    9
195912,20201101,-9999,    9
195912,20201102,-9999,    9
195912,20201103,-9999,    9
195912,20201104,-9999,    9
195912,20201105,-9999,    9
195912,20201106,-9999,    9
195912,20201107,-9999,    9
195912,20201108,-9999,    9
195912,20201109,-9999,    9
195912,20201110,-9999,    9
195912,20201111,-9999,    9
195912,20201112,-9999,    9
195912,20201113,-9999,    9
195912,20201114,-9999,    9
195912,20201115,-9999,    9
195912,20201116,-9999,    9
195912,20201117,-9999,    9
195912,20201118,-9999,    9
195912,20201119,-9999,    9
195912,20201120,-9999,    9
195912,20201121,-9999,    9
195912,20201122,-9999,    9
195912,20201123,-9999,    9
195912,20201124,-9999,    9
195912,20201125,-9999,    9
195912,20201126,-9999,    9
195912,20201127,-9999,    9
195912,20201128,-9999,    9
195912,20201129,-9999,    9
195912,20201130,-9999,    9
195912,20201201,-9999,    9
195912,20201202,-9999,    9
195912,20201203,-9999,    9
195912,20201204,-9999,    9
195912,20201205,-9999,    9
195912,20201206,-9999,    9
195912,20201207,-9999,    9
195912,20201208,-9999,    9
195912,20201209,-9999,    9
195912,20201210,-9999,    9
195912,20201211,-9999,    9
195912,20201212,-9999,    9
195912,20201213,-9999,    9
195912,20201214,-9999,    9
195912,20201215,-9999,    9
195912,20201216,-9999,    9
195912,20201217,-9999,    9
195912,20201218,-9999,    9
195912,20201219,-9999,    9
195912,20201220,-9999,    9
195912,20201221,-9999,    9
195912,20201222,-9999,    9
195912,20201223,-9999,    9
195912,20201224,-9999,    9
195912,20201225,-9999,    9
195912,20201226,-9999,    9
195912,20201227,-9999,    9
195912,20201228,-9999,    9
195912,20201229,-9999,    9
195912,20201230,-9999,    9
195912,20201231,-9999,    9
195912,20210101,-9999,    9
195912,20210102,-9999,    9
195912,20210103,-9999,    9
195912,20210104,-9999,    9
195912,20210105,-9999,    9
195912,20210106,-9999,    9
195912,20210107,-9999,    9
195912,20210108,-9999,    9
195912,20210109,-9999,    9
195912,20210110,-9999,    9
195912,20210111,-9999,    9
195912,20210112,-9999,    9
195912,20210113,-9999,    9
195912,20210114,-9999,    9
195912,20210115,-9999,    9
195912,20210116,-9999,    9
195912,20210117,-9999,    9
195912,20210118,-9999,    9
195912,20210119,-9999,    9
194984,20210120,   22,    0
194984,20210121,   29,    0
194984,20210122,   60,    0
194984,20210123,   75,    0
194984,20210124,   41,    0
194984,20210125,   27,    0
194984,20210126,   30,    0
194984,20210127,   12,    0
194984,20210128,   16,    0
194984,20210129,   25,    0
194984,20210130,   45,    0
194984,20210131,   72,    0
194984,20210201,   47,    0
194984,20210202,   55,    0
194984,20210203,   55,    0
194984,20210204,   75,    0
194984,20210205,   82,    0
194984,20210206,   87,    0
194984,20210207,   97,    0
194984,20210208,   93,    0
194984,20210209,   97,    0
194984,20210210,  107,    0
194984,20210211,   71,    0
194984,20210212,   39,    0
194984,20210213,   14,    0
194984,20210214,   17,    0
194984,20210215,   16,    0
194984,20210216,   51,    0
194984,20210217,   64,    0
194984,20210218,   72,    0
194984,20210219,   87,    0
194984,20210220,   90,    0
194984,20210221,   85,    0
194984,20210222,   91,    0
194984,20210223,   71,    0
194984,20210224,  111,    0
194984,20210225,  125,    0
194984,20210226,  110,    0
194984,20210227,   90,    0
194984,20210228,   79,    0
194984,20210301,   77,    0
194984,20210302,   86,    0
194984,20210303,   82,    0
194984,20210304,   94,    0
194984,20210305,  107,    0
194984,20210306,   69,    0
194984,20210307,   58,    0
194984,20210308,   68,    0
194984,20210309,   71,    0
194984,20210310,   82,    0
194984,20210311,   90,    0
194984,20210312,  101,    0
194984,20210313,  103,    0
194984,20210314,   80,    0
194984,20210315,   77,    0
194984,20210316,   89,    0
194984,20210317,   85,    0
194984,20210318,   72,    0
194984,20210319,   57,    0
194984,20210320,   51,    0
194984,20210321,   57,    0
194984,20210322,   82,    0
194984,20210323,   90,    0
194984,20210324,   91,    0
194984,20210325,  102,    0
194984,20210326,  106,    0
194984,20210327,  118,    0
194984,20210328,  127,    0
194984,20210329,  126,    0
194984,20210330,  148,    0
194984,20210331,  160,    0
194984,20210401,  171,    0
194984,20210402,  168,    0
194984,20210403,  128,    0
194984,20210404,  102,    0
194984,20210405,   98,    0
194984,20210406,   58,    0
194984,20210407,   48,    0
194984,20210408,   83,    0
194984,20210409,  102,    0
194984,20210410,  117,    0
194984,20210411,  117,    0
194984,20210412,  124,    0
194984,20210413,   79,    0
194984,20210414,   85,    0
194984,20210415,   84,    0
194984,20210416,   88,    0
194984,20210417,   96,    0
194984,20210418,  101,    0
194984,20210419,  113,    0
194984,20210420,  126,    0
194984,20210421,  128,    0
194984,20210422,  136,    0
194984,20210423,  138,    0
194984,20210424,  150,    0
194984,20210425,  162,    0
194984,20210426,  137,    0
194984,20210427,  126,    0
194984,20210428,  140,    0
194984,20210429,  159,    0
194984,20210430,  171,    0
194984,20210501,  164,    0
194984,20210502,  165,    0
194984,20210503,  142,    0
194984,20210504,  156,    0
194984,20210505,  167,    0
194984,20210506,  159,    0
194984,20210507,  187,    0
194984,20210508,  159,    0
194984,20210509,  171,    0
194984,20210510,  180,    0
194984,20210511,  167,    0
194984,20210512,  161,    0
194984,20210513,  151,    0
194984,20210514,  149,    0
194984,20210515,  162,    0
194984,20210516,  178,    0
194984,20210517,  161,    0
194984,20210518,  175,    0
194984,20210519,  149,    0
194984,20210520,  166,    0
194984,20210521,  181,    0
194984,20210522,  184,    0
194984,20210523,  206,    0
194984,20210524,  165,    0
194984,20210525,  181,    0
194984,20210526,  170,    0
194984,20210527,  188,    0
194984,20210528,  186,    0
194984,20210529,  198,    0
194984,20210530,  188,    0
194984,20210531,  185,    0
194984,20210601,  189,    0
194984,20210602,  199,    0
194984,20210603,  222,    0
194984,20210604,  228,    0
194984,20210605,  246,    0
194984,20210606,  210,    0
194984,20210607,  213,    0
194984,20210608,  222,    0
194984,20210609,  239,    0
194984,20210610,  237,    0
194984,20210611,  230,    0
194984,20210612,  245,    0
194984,20210613,  250,    0
194984,20210614,  236,    0
194984,20210615,  235,    0
194984,20210616,  241,    0
194984,20210617,  259,    0
194984,20210618,  260,    0
194984,20210619,  273,    0
194984,20210620,  269,    0
194984,20210621,  280,    0
194984,20210622,  273,    0
194984,20210623,  263,    0
194984,20210624,  272,    0
194984,20210625,  247,    0
194984,20210626,  251,    0
194984,20210627,  265,    0
194984,20210628,  266,    0
194984,20210629,  276,    0
194984,20210630,  256,    0
194984,20210701,  249,    0
194984,20210702,  247,    0
194984,20210703,  254,    0
194984,20210704,  227,    0
194984,20210705,  241,    0
194984,20210706,  259,    0
194984,20210707,  276,    0
194984,20210708,  267,    0
194984,20210709,  247,    0
194984,20210710,  258,    0
194984,20210711,  265,    0
194984,20210712,  264,    0
194984,20210713,  246,    0
194984,20210714,  228,    0
194984,20210715,  230,    0
194984,20210716,  212,    0
194984,20210717,  229,    0
194984,20210718,  253,    0
194984,20210719,  268,    0
194984,20210720,  264,    0
194984,20210721,  260,    0
194984,20210722,  256,    0
194984,20210723,  261,    0
194984,20210724,  263,    0
194984,20210725,  279,    0
194984,20210726,  248,    0
194984,20210727,  248,    0
194984,20210728,  256,    0
194984,20210729,  266,    0
194984,20210730,  275,    0
194984,20210731,  274,    0
194984,20210801,  257,    0
194984,20210802,  231,    0
194984,20210803,  241,    0
194984,20210804,  243,    0
194984,20210805,  252,    0
194984,20210806,  247,    0
194984,20210807,  257,    0
194984,20210808,  280,    0
194984,20210809,  254,    0
194984,20210810,  260,    0
194984,20210811,  276,    0
194984,20210812,  276,    0
194984,20210813,  278,    0
194984,20210814,  288,    0
194984,20210815,  286,    0
194984,20210816,  285,    0
194984,20210817,  247,    0
194984,20210818,  232,    0
194984,20210819,  236,    0
194984,20210820,  244,    0
194984,20210821,  256,    0
194984,20210822,  262,    0
194984,20210823,  223,    0
194984,20210824,  227,    0
194984,20210825,  226,    0
194984,20210826,  228,    0
194984,20210827,  191,    0
194984,20210828,  188,    0
194984,20210829,  198,    0
194984,20210830,  200,    0
194984,20210831,  194,    0
194984,20210901,  211,    0
194984,20210902,  217,    0
194984,20210903,  208,    0
194984,20210904,  216,    0
194984,20210905,  216,    0
194984,20210906,  218,    0
194984,20210907,  214,    0
194984,20210908,  213,    0
194984,20210909,  212,    0
194984,20210910,  212,    0
194984,20210911,  217,    0
194984,20210912,  222,    0
194984,20210913,  233,    0
194984,20210914,  234,    0
194984,20210915,  243,    0
194984,20210916,  215,    0
194984,20210917,  216,    0
194984,20210918,  214,    0
194984,20210919,  206,    0
194984,20210920,  196,    0
194984,20210921,  185,    0
194984,20210922,  175,    0
194984,20210923,  180,    0
194984,20210924,  190,    0
194984,20210925,  200,    0
194984,20210926,  197,    0
194984,20210927,  187,    0
194984,20210928,  202,    0
194984,20210929,  210,    0
194984,20210930,  199,    0
194984,20211001,  175,    0
194984,20211002,  173,    0
194984,20211003,  206,    0
194984,20211004,  213,    0
194984,20211005,  203,    0
194984,20211006,  184,    0
194984,20211007,  154,    0
194984,20211008,  166,    0
194984,20211009,  148,    0
194984,20211010,  128,    0
194984,20211011,  134,    0
194984,20211012,  133,    0
194984,20211013,  123,    0
194984,20211014,  116,    0
194984,20211015,  115,    0
194984,20211016,  126,    0
194984,20211017,  133,    0
194984,20211018,  131,    0
194984,20211019,  133,    0
194984,20211020,  144,    0
194984,20211021,  166,    0
194984,20211022,  135,    0
194984,20211023,  135,    0
194984,20211024,  121,    0
194984,20211025,  111,    0
194984,20211026,  116,    0
194984,20211027,  121,    0
194984,20211028,  114,    0
194984,20211029,  100,    0
194984,20211030,  108,    0
194984,20211031,  126,    0
194984,20211101,  132,    0
194984,20211102,  123,    0
194984,20211103,  141,    0
194984,20211104,  131,    0
194984,20211105,  109,    0
194984,20211106,  121,    0
194984,20211107,  113,    0
194984,20211108,  114,    0
194984,20211109,  128,    0
194984,20211110,  118,    0
194984,20211111,  118,    0
194984,20211112,  104,    0
194984,20211113,   97,    0
194984,20211114,  135,    0
194984,20211115,  133,    0
194984,20211116,  106,    0
194984,20211117,  105,    0
194984,20211118,  115,    0
194984,20211119,   98,    0
194984,20211120,   94,    0
194984,20211121,   66,    0
194984,20211122,  107,    0
194984,20211123,   92,    0
194984,20211124,   63,    0
194984,20211125,   76,    0
194984,20211126,   78,    0
194984,20211127,  108,    0
194984,20211128,   73,    0
194984,20211129,   37,    0
194984,20211130,   35,    0
194984,20211201,   54,    0
194984,20211202,   62,    0
194984,20211203,   65,    0
194984,20211204,   41,    0
194984,20211205,   46,    0
194984,20211206,   47,    0
194984,20211207,   26,    0
194984,20211208,   45,    0
194984,20211209,   39,    0
194984,20211210,   47,    0
194984,20211211,   35,    0
194984,20211212,   27,    0
194984,20211213,   36,    0
194984,20211214,   36,    0
194984,20211215,   38,    0
194984,20211216,   30,    0
194984,20211217,   15,    0
194984,20211218,   10,    0
194984,20211219,    6,    0
194984,20211220,   20,    0
194984,20211221,   37,    0
194984,20211222,   41,    0
194984,20211223,   20,    0
194984,20211224,   37,    0
194984,20211225,   43,    0
194984,20211226,   48,    0
194984,20211227,   66,    0
194984,20211228,   72,    0
194984,20211229,   59,    0
194984,20211230,   51,    0
194984,20211231,   31,    0
194984,20220101,   22,    0
194984,20220102,   16,    0
194984,20220103,   37,    0
194984,20220104,   57,    0
194984,20220105,   88,    0
194984,20220106,   61,    0
194984,20220107,   35,    0
194984,20220108,   11,    0
194984,20220109,    9,    0
194984,20220110,   29,    0
194984,20220111,   34,    0
194984,20220112,   38,    0
194984,20220113,   19,    0
194984,20220114,   39,    0
194984,20220115,   37,    0
194984,20220116,   42,    0
194984,20220117,   41,    0
194984,20220118,   50,    0
194984,20220119,   32,    0
194984,20220120,   31,    0
194984,20220121,   41,    0
194984,20220122,   15,    0
194984,20220123,   13,    0
194984,20220124,   33,    0
194984,20220125,   38,    0
194984,20220126,   36,    0
194984,20220127,   40,    0
194984,20220128,   36,    0
194984,20220129,   31,    0
194984,20220130,   32,    0
195912,20220131,-9999,    9
195912,20220201,-9999,    9
195912,20220202,-9999,    9
195912,20220203,-9999,    9
195912,20220204,-9999,    9
195912,20220205,-9999,    9
195912,20220206,-9999,    9
195912,20220207,-9999,    9
195912,20220208,-9999,    9
195912,20220209,-9999,    9
195912,20220210,-9999,    9
195912,20220211,-9999,    9
195912,20220212,-9999,    9
195912,20220213,-9999,    9
195912,20220214,-9999,    9
195912,20220215,-9999,    9
195912,20220216,-9999,    9
195912,20220217,-9999,    9
195912,20220218,-9999,    9
195912,20220219,-9999,    9
195912,20220220,-9999,    9
195912,20220221,-9999,    9
195912,20220222,-9999,    9
195912,20220223,-9999,    9
195912,20220224,-9999,    9
195912,20220225,-9999,    9
195912,20220226,-9999,    9
195912,20220227,-9999,    9
195912,20220228,-9999,    9
