EUROPEAN CLIMATE ASSESSMENT & DATASET (ECA&D), file created on 08-04-2022
THESE DATA CAN BE USED FREELY PROVIDED THAT THE FOLLOWING SOURCE IS ACKNOWLEDGED:

Klein Tank, A.M.G. and Coauthors, 2002. Daily dataset of 20th-century surface
air temperature and precipitation series for the European Climate Assessment.
Int. J. of Climatol., 22, 1441-1453.
Data and metadata available at http://www.ecad.eu

FILE FORMAT (MISSING VALUE CODE IS -9999):

01-06 SOUID: Source identifier
08-15 DATE : Date YYYYMMDD
17-21 TG   : mean temperature in 0.1 &#176;C
23-27 Q_TG : Quality code for TG (0='valid'; 1='suspect'; 9='missing')

This is the blended series of station ITALY, RIOLA_DI_LABANTE (STAID: 17757).
Blended and updated with sources: 196904 
See file sources.txt and stations.txt for more info.

 SOUID,    DATE,   TG, Q_TG
196904,20180401,-9999,    9
196904,20180402,-9999,    9
196904,20180403,-9999,    9
196904,20180404,-9999,    9
196904,20180405,-9999,    9
196904,20180406,-9999,    9
196904,20180407,  128,    0
196904,20180408,  135,    0
196904,20180409,  115,    0
196904,20180410,  118,    0
196904,20180411,  116,    0
196904,20180412,  134,    0
196904,20180413,  132,    0
196904,20180414,  130,    0
196904,20180415,  125,    0
196904,20180416,  157,    0
196904,20180417,  161,    0
196904,20180418,  155,    0
196904,20180419,  156,    0
196904,20180420,-9999,    9
196904,20180421,  184,    0
196904,20180422,  186,    0
196904,20180423,  189,    0
196904,20180424,  184,    0
196904,20180425,  190,    0
196904,20180426,  198,    0
196904,20180427,  169,    0
196904,20180428,  191,    0
196904,20180429,  194,    0
196904,20180430,  177,    0
196904,20180501,  141,    0
196904,20180502,  133,    0
196904,20180503,  146,    0
196904,20180504,  162,    0
196904,20180505,  166,    0
196904,20180506,  187,    0
196904,20180507,  187,    0
196904,20180508,  190,    0
196904,20180509,  167,    0
196904,20180510,  168,    0
196904,20180511,  174,    0
196904,20180512,  183,    0
196904,20180513,  172,    0
196904,20180514,  143,    0
196904,20180515,  121,    0
196904,20180516,  147,    0
196904,20180517,  140,    0
196904,20180518,  169,    0
196904,20180519,  176,    0
196904,20180520,  185,    0
196904,20180521,  181,    0
196904,20180522,  176,    0
196904,20180523,  175,    0
196904,20180524,  201,    0
196904,20180525,  218,    0
196904,20180526,  225,    0
196904,20180527,  227,    0
196904,20180528,  226,    0
196904,20180529,  223,    0
196904,20180530,  212,    0
196904,20180531,  219,    0
196904,20180601,  205,    0
196904,20180602,  214,    0
196904,20180603,  227,    0
196904,20180604,  217,    0
196904,20180605,  220,    0
196904,20180606,  218,    0
196904,20180607,  226,    0
196904,20180608,  208,    0
196904,20180609,  222,    0
196904,20180610,  229,    0
196904,20180611,  237,    0
196904,20180612,  231,    0
196904,20180613,  197,    0
196904,20180614,  191,    0
196904,20180615,  202,    0
196904,20180616,  210,    0
196904,20180617,  223,    0
196904,20180618,  212,    0
196904,20180619,  226,    0
196904,20180620,  230,    0
196904,20180621,  247,    0
196904,20180622,  207,    0
196904,20180623,  199,    0
196904,20180624,  198,    0
196904,20180625,  177,    0
196904,20180626,  187,    0
196904,20180627,  209,    0
196904,20180628,  209,    0
196904,20180629,  233,    0
196904,20180630,  246,    0
196904,20180701,  250,    0
196904,20180702,  243,    0
196904,20180703,  247,    0
196904,20180704,  244,    0
196904,20180705,  245,    0
196904,20180706,  211,    0
196904,20180707,  221,    0
196904,20180708,  236,    0
196904,20180709,  239,    0
196904,20180710,  228,    0
196904,20180711,  226,    0
196904,20180712,  214,    0
196904,20180713,  235,    0
196904,20180714,  250,    0
196904,20180715,  225,    0
196904,20180716,  214,    0
196904,20180717,  232,    0
196904,20180718,  245,    0
196904,20180719,  247,    0
196904,20180720,  250,    0
196904,20180721,  218,    0
196904,20180722,  222,    0
196904,20180723,  235,    0
196904,20180724,  242,    0
196904,20180725,  245,    0
196904,20180726,  230,    0
196904,20180727,  243,    0
196904,20180728,  252,    0
196904,20180729,  261,    0
196904,20180730,  274,    0
196904,20180731,  279,    0
196904,20180801,  269,    0
196904,20180802,  253,    0
196904,20180803,  252,    0
196904,20180804,  262,    0
196904,20180805,  268,    0
196904,20180806,  270,    0
196904,20180807,  235,    0
196904,20180808,  241,    0
196904,20180809,  256,    0
196904,20180810,  256,    0
196904,20180811,  246,    0
196904,20180812,  234,    0
196904,20180813,  236,    0
196904,20180814,  214,    0
196904,20180815,  219,    0
196904,20180816,  221,    0
196904,20180817,  226,    0
196904,20180818,  235,    0
196904,20180819,  241,    0
196904,20180820,  243,    0
196904,20180821,  235,    0
196904,20180822,  237,    0
196904,20180823,  228,    0
196904,20180824,  236,    0
196904,20180825,  234,    0
196904,20180826,  178,    0
196904,20180827,  179,    0
196904,20180828,  202,    0
196904,20180829,  222,    0
196904,20180830,  222,    0
196904,20180831,  216,    0
196904,20180901,  187,    0
196904,20180902,  182,    0
196904,20180903,  185,    0
196904,20180904,  199,    0
196904,20180905,  209,    0
196904,20180906,  211,    0
196904,20180907,  194,    0
196904,20180908,  211,    0
196904,20180909,  218,    0
196904,20180910,  226,    0
196904,20180911,  232,    0
196904,20180912,  238,    0
196904,20180913,  212,    0
196904,20180914,  226,    0
196904,20180915,  225,    0
196904,20180916,  230,    0
196904,20180917,  221,    0
196904,20180918,  212,    0
196904,20180919,  216,    0
196904,20180920,  220,    0
196904,20180921,  220,    0
196904,20180922,  219,    0
196904,20180923,  231,    0
196904,20180924,  215,    0
196904,20180925,  152,    0
196904,20180926,  141,    0
196904,20180927,  136,    0
196904,20180928,  154,    0
196904,20180929,  159,    0
196904,20180930,  149,    0
196904,20181001,  134,    0
196904,20181002,  118,    0
196904,20181003,  130,    0
196904,20181004,  140,    0
196904,20181005,  144,    0
196904,20181006,  151,    0
196904,20181007,  167,    0
196904,20181008,  161,    0
196904,20181009,  169,    0
196904,20181010,  170,    0
196904,20181011,  167,    0
196904,20181012,  176,    0
196904,20181013,  149,    0
196904,20181014,  142,    0
196904,20181015,  147,    0
196904,20181016,  157,    0
196904,20181017,  160,    0
196904,20181018,  175,    0
196904,20181019,  163,    0
196904,20181020,  149,    0
196904,20181021,  120,    0
196904,20181022,  110,    0
196904,20181023,  118,    0
196904,20181024,  166,    0
196904,20181025,  152,    0
196904,20181026,  151,    0
196904,20181027,  189,    0
196904,20181028,  181,    0
196904,20181029,  164,    0
196904,20181030,  123,    0
196904,20181031,  121,    0
196904,20181101,  134,    0
196904,20181102,  126,    0
196904,20181103,  142,    0
196904,20181104,  153,    0
196904,20181105,  145,    0
196904,20181106,  149,    0
196904,20181107,  146,    0
196904,20181108,  123,    0
196904,20181109,  115,    0
196904,20181110,  108,    0
196904,20181111,  142,    0
196904,20181112,  129,    0
196904,20181113,  123,    0
196904,20181114,  123,    0
196904,20181115,  111,    0
196904,20181116,   94,    0
196904,20181117,   87,    0
196904,20181118,   65,    0
196904,20181119,   52,    0
196904,20181120,   41,    0
196904,20181121,   78,    0
196904,20181122,   84,    0
196904,20181123,   85,    0
196904,20181124,  122,    0
196904,20181125,   98,    0
196904,20181126,   80,    0
196904,20181127,   81,    0
196904,20181128,   58,    0
196904,20181129,   30,    0
196904,20181130,   31,    0
196904,20181201,   50,    0
196904,20181202,   46,    0
196904,20181203,   75,    0
196904,20181204,   68,    0
196904,20181205,   57,    0
196904,20181206,   67,    0
196904,20181207,-9999,    9
196904,20181208,-9999,    9
196904,20181209,-9999,    9
196904,20181210,-9999,    9
196904,20181211,-9999,    9
196904,20181212,-9999,    9
196904,20181213,-9999,    9
196904,20181214,-9999,    9
196904,20181215,-9999,    9
196904,20181216,-9999,    9
196904,20181217,-9999,    9
196904,20181218,-9999,    9
196904,20181219,-9999,    9
196904,20181220,-9999,    9
196904,20181221,-9999,    9
196904,20181222,-9999,    9
196904,20181223,-9999,    9
196904,20181224,-9999,    9
196904,20181225,-9999,    9
196904,20181226,-9999,    9
196904,20181227,-9999,    9
196904,20181228,-9999,    9
196904,20181229,-9999,    9
196904,20181230,-9999,    9
196904,20181231,-9999,    9
196904,20190101,-9999,    9
196904,20190102,-9999,    9
196904,20190103,-9999,    9
196904,20190104,-9999,    9
196904,20190105,-9999,    9
196904,20190106,-9999,    9
196904,20190107,-9999,    9
196904,20190108,-9999,    9
196904,20190109,-9999,    9
196904,20190110,-9999,    9
196904,20190111,-9999,    9
196904,20190112,-9999,    9
196904,20190113,-9999,    9
196904,20190114,-9999,    9
196904,20190115,-9999,    9
196904,20190116,-9999,    9
196904,20190117,-9999,    9
196904,20190118,-9999,    9
196904,20190119,-9999,    9
196904,20190120,-9999,    9
196904,20190121,-9999,    9
196904,20190122,-9999,    9
196904,20190123,-9999,    9
196904,20190124,-9999,    9
196904,20190125,-9999,    9
196904,20190126,-9999,    9
196904,20190127,-9999,    9
196904,20190128,-9999,    9
196904,20190129,-9999,    9
196904,20190130,-9999,    9
196904,20190131,-9999,    9
196904,20190201,-9999,    9
196904,20190202,-9999,    9
196904,20190203,-9999,    9
196904,20190204,-9999,    9
196904,20190205,-9999,    9
196904,20190206,-9999,    9
196904,20190207,-9999,    9
196904,20190208,-9999,    9
196904,20190209,-9999,    9
196904,20190210,-9999,    9
196904,20190211,-9999,    9
196904,20190212,-9999,    9
196904,20190213,-9999,    9
196904,20190214,-9999,    9
196904,20190215,-9999,    9
196904,20190216,-9999,    9
196904,20190217,-9999,    9
196904,20190218,-9999,    9
196904,20190219,-9999,    9
196904,20190220,-9999,    9
196904,20190221,-9999,    9
196904,20190222,-9999,    9
196904,20190223,-9999,    9
196904,20190224,-9999,    9
196904,20190225,-9999,    9
196904,20190226,-9999,    9
196904,20190227,-9999,    9
196904,20190228,-9999,    9
196904,20190301,-9999,    9
196904,20190302,   91,    0
196904,20190303,   96,    0
196904,20190304,  112,    0
196904,20190305,  113,    0
196904,20190306,  109,    0
196904,20190307,  144,    0
196904,20190308,  119,    0
196904,20190309,  101,    0
196904,20190310,  121,    0
196904,20190311,  118,    0
196904,20190312,   80,    0
196904,20190313,   54,    0
196904,20190314,   83,    0
196904,20190315,  117,    0
196904,20190316,  141,    0
196904,20190317,  134,    0
196904,20190318,  101,    0
196904,20190319,   63,    0
196904,20190320,   59,    0
196904,20190321,   66,    0
196904,20190322,   87,    0
196904,20190323,   97,    0
196904,20190324,  136,    0
196904,20190325,  128,    0
196904,20190326,   67,    0
196904,20190327,   66,    0
196904,20190328,   72,    0
196904,20190329,   81,    0
196904,20190330,   88,    0
196904,20190331,  120,    0
196904,20190401,  128,    0
196904,20190402,  147,    0
196904,20190403,  134,    0
196904,20190404,  123,    0
196904,20190405,   94,    0
196904,20190406,  119,    0
196904,20190407,  116,    0
196904,20190408,  115,    0
196904,20190409,  115,    0
196904,20190410,  118,    0
196904,20190411,  111,    0
196904,20190412,  108,    0
196904,20190413,   91,    0
196904,20190414,   70,    0
196904,20190415,  103,    0
196904,20190416,  116,    0
196904,20190417,  132,    0
196904,20190418,  126,    0
196904,20190419,  124,    0
196904,20190420,  137,    0
196904,20190421,  143,    0
196904,20190422,  137,    0
196904,20190423,  141,    0
196904,20190424,  167,    0
196904,20190425,  177,    0
196904,20190426,  162,    0
196904,20190427,  149,    0
196904,20190428,  109,    0
196904,20190429,   77,    0
196904,20190430,-9999,    9
196904,20190501,-9999,    9
196904,20190502,-9999,    9
196904,20190503,-9999,    9
196904,20190504,-9999,    9
196904,20190505,-9999,    9
196904,20190506,-9999,    9
196904,20190507,-9999,    9
196904,20190508,-9999,    9
196904,20190509,-9999,    9
196904,20190510,-9999,    9
196904,20190511,-9999,    9
196904,20190512,-9999,    9
196904,20190513,-9999,    9
196904,20190514,-9999,    9
196904,20190515,-9999,    9
196904,20190516,-9999,    9
196904,20190517,-9999,    9
196904,20190518,-9999,    9
196904,20190519,-9999,    9
196904,20190520,-9999,    9
196904,20190521,-9999,    9
196904,20190522,-9999,    9
196904,20190523,-9999,    9
196904,20190524,-9999,    9
196904,20190525,-9999,    9
196904,20190526,-9999,    9
196904,20190527,-9999,    9
196904,20190528,-9999,    9
196904,20190529,-9999,    9
196904,20190530,-9999,    9
196904,20190531,-9999,    9
196904,20190601,-9999,    9
196904,20190602,-9999,    9
196904,20190603,-9999,    9
196904,20190604,-9999,    9
196904,20190605,-9999,    9
196904,20190606,-9999,    9
196904,20190607,-9999,    9
196904,20190608,-9999,    9
196904,20190609,-9999,    9
196904,20190610,-9999,    9
196904,20190611,-9999,    9
196904,20190612,-9999,    9
196904,20190613,-9999,    9
196904,20190614,-9999,    9
196904,20190615,-9999,    9
196904,20190616,-9999,    9
196904,20190617,-9999,    9
196904,20190618,-9999,    9
196904,20190619,-9999,    9
196904,20190620,-9999,    9
196904,20190621,-9999,    9
196904,20190622,-9999,    9
196904,20190623,-9999,    9
196904,20190624,-9999,    9
196904,20190625,-9999,    9
196904,20190626,-9999,    9
196904,20190627,-9999,    9
196904,20190628,-9999,    9
196904,20190629,-9999,    9
196904,20190630,-9999,    9
196904,20190701,-9999,    9
196904,20190702,-9999,    9
196904,20190703,-9999,    9
196904,20190704,-9999,    9
196904,20190705,-9999,    9
196904,20190706,-9999,    9
196904,20190707,-9999,    9
196904,20190708,-9999,    9
196904,20190709,-9999,    9
196904,20190710,-9999,    9
196904,20190711,-9999,    9
196904,20190712,-9999,    9
196904,20190713,-9999,    9
196904,20190714,-9999,    9
196904,20190715,-9999,    9
196904,20190716,-9999,    9
196904,20190717,-9999,    9
196904,20190718,-9999,    9
196904,20190719,-9999,    9
196904,20190720,-9999,    9
196904,20190721,-9999,    9
196904,20190722,-9999,    9
196904,20190723,-9999,    9
196904,20190724,-9999,    9
196904,20190725,-9999,    9
196904,20190726,-9999,    9
196904,20190727,-9999,    9
196904,20190728,-9999,    9
196904,20190729,-9999,    9
196904,20190730,-9999,    9
196904,20190731,-9999,    9
196904,20190801,-9999,    9
196904,20190802,-9999,    9
196904,20190803,-9999,    9
196904,20190804,-9999,    9
196904,20190805,-9999,    9
196904,20190806,-9999,    9
196904,20190807,-9999,    9
196904,20190808,-9999,    9
196904,20190809,-9999,    9
196904,20190810,-9999,    9
196904,20190811,-9999,    9
196904,20190812,-9999,    9
196904,20190813,-9999,    9
196904,20190814,-9999,    9
196904,20190815,-9999,    9
196904,20190816,-9999,    9
196904,20190817,-9999,    9
196904,20190818,-9999,    9
196904,20190819,-9999,    9
196904,20190820,-9999,    9
196904,20190821,-9999,    9
196904,20190822,-9999,    9
196904,20190823,-9999,    9
196904,20190824,-9999,    9
196904,20190825,-9999,    9
196904,20190826,-9999,    9
196904,20190827,-9999,    9
196904,20190828,-9999,    9
196904,20190829,-9999,    9
196904,20190830,-9999,    9
196904,20190831,-9999,    9
196904,20190901,-9999,    9
196904,20190902,-9999,    9
196904,20190903,-9999,    9
196904,20190904,-9999,    9
196904,20190905,-9999,    9
196904,20190906,-9999,    9
196904,20190907,-9999,    9
196904,20190908,-9999,    9
196904,20190909,-9999,    9
196904,20190910,-9999,    9
196904,20190911,-9999,    9
196904,20190912,-9999,    9
196904,20190913,-9999,    9
196904,20190914,-9999,    9
196904,20190915,-9999,    9
196904,20190916,-9999,    9
196904,20190917,-9999,    9
196904,20190918,-9999,    9
196904,20190919,-9999,    9
196904,20190920,-9999,    9
196904,20190921,-9999,    9
196904,20190922,-9999,    9
196904,20190923,-9999,    9
196904,20190924,-9999,    9
196904,20190925,-9999,    9
196904,20190926,-9999,    9
196904,20190927,-9999,    9
196904,20190928,-9999,    9
196904,20190929,-9999,    9
196904,20190930,-9999,    9
196904,20191001,-9999,    9
196904,20191002,-9999,    9
196904,20191003,-9999,    9
196904,20191004,-9999,    9
196904,20191005,-9999,    9
196904,20191006,-9999,    9
196904,20191007,-9999,    9
196904,20191008,-9999,    9
196904,20191009,-9999,    9
196904,20191010,-9999,    9
196904,20191011,-9999,    9
196904,20191012,-9999,    9
196904,20191013,-9999,    9
196904,20191014,-9999,    9
196904,20191015,-9999,    9
196904,20191016,-9999,    9
196904,20191017,-9999,    9
196904,20191018,-9999,    9
196904,20191019,-9999,    9
196904,20191020,-9999,    9
196904,20191021,-9999,    9
196904,20191022,-9999,    9
196904,20191023,-9999,    9
196904,20191024,-9999,    9
196904,20191025,-9999,    9
196904,20191026,-9999,    9
196904,20191027,-9999,    9
196904,20191028,-9999,    9
196904,20191029,-9999,    9
196904,20191030,-9999,    9
196904,20191031,-9999,    9
196904,20191101,-9999,    9
196904,20191102,-9999,    9
196904,20191103,-9999,    9
196904,20191104,-9999,    9
196904,20191105,-9999,    9
196904,20191106,-9999,    9
196904,20191107,-9999,    9
196904,20191108,-9999,    9
196904,20191109,-9999,    9
196904,20191110,-9999,    9
196904,20191111,-9999,    9
196904,20191112,-9999,    9
196904,20191113,-9999,    9
196904,20191114,-9999,    9
196904,20191115,-9999,    9
196904,20191116,-9999,    9
196904,20191117,-9999,    9
196904,20191118,-9999,    9
196904,20191119,-9999,    9
196904,20191120,-9999,    9
196904,20191121,-9999,    9
196904,20191122,-9999,    9
196904,20191123,-9999,    9
196904,20191124,-9999,    9
196904,20191125,-9999,    9
196904,20191126,-9999,    9
196904,20191127,-9999,    9
196904,20191128,-9999,    9
196904,20191129,-9999,    9
196904,20191130,-9999,    9
196904,20191201,-9999,    9
196904,20191202,-9999,    9
196904,20191203,-9999,    9
196904,20191204,-9999,    9
196904,20191205,-9999,    9
196904,20191206,-9999,    9
196904,20191207,-9999,    9
196904,20191208,-9999,    9
196904,20191209,-9999,    9
196904,20191210,-9999,    9
196904,20191211,-9999,    9
196904,20191212,-9999,    9
196904,20191213,-9999,    9
196904,20191214,-9999,    9
196904,20191215,-9999,    9
196904,20191216,-9999,    9
196904,20191217,-9999,    9
196904,20191218,-9999,    9
196904,20191219,-9999,    9
196904,20191220,-9999,    9
196904,20191221,-9999,    9
196904,20191222,-9999,    9
196904,20191223,-9999,    9
196904,20191224,-9999,    9
196904,20191225,-9999,    9
196904,20191226,-9999,    9
196904,20191227,-9999,    9
196904,20191228,-9999,    9
196904,20191229,-9999,    9
196904,20191230,-9999,    9
196904,20191231,-9999,    9
196904,20200101,-9999,    9
196904,20200102,-9999,    9
196904,20200103,-9999,    9
196904,20200104,-9999,    9
196904,20200105,-9999,    9
196904,20200106,-9999,    9
196904,20200107,-9999,    9
196904,20200108,-9999,    9
196904,20200109,-9999,    9
196904,20200110,-9999,    9
196904,20200111,-9999,    9
196904,20200112,-9999,    9
196904,20200113,-9999,    9
196904,20200114,-9999,    9
196904,20200115,-9999,    9
196904,20200116,-9999,    9
196904,20200117,-9999,    9
196904,20200118,-9999,    9
196904,20200119,-9999,    9
196904,20200120,-9999,    9
196904,20200121,-9999,    9
196904,20200122,-9999,    9
196904,20200123,-9999,    9
196904,20200124,-9999,    9
196904,20200125,-9999,    9
196904,20200126,-9999,    9
196904,20200127,-9999,    9
196904,20200128,-9999,    9
196904,20200129,-9999,    9
196904,20200130,-9999,    9
196904,20200131,-9999,    9
196904,20200201,-9999,    9
196904,20200202,-9999,    9
196904,20200203,-9999,    9
196904,20200204,-9999,    9
196904,20200205,-9999,    9
196904,20200206,-9999,    9
196904,20200207,-9999,    9
196904,20200208,-9999,    9
196904,20200209,-9999,    9
196904,20200210,-9999,    9
196904,20200211,-9999,    9
196904,20200212,-9999,    9
196904,20200213,-9999,    9
196904,20200214,-9999,    9
196904,20200215,-9999,    9
196904,20200216,-9999,    9
196904,20200217,-9999,    9
196904,20200218,-9999,    9
196904,20200219,-9999,    9
196904,20200220,-9999,    9
196904,20200221,-9999,    9
196904,20200222,-9999,    9
196904,20200223,-9999,    9
196904,20200224,-9999,    9
196904,20200225,-9999,    9
196904,20200226,-9999,    9
196904,20200227,-9999,    9
196904,20200228,-9999,    9
196904,20200229,-9999,    9
196904,20200301,-9999,    9
196904,20200302,-9999,    9
196904,20200303,-9999,    9
196904,20200304,-9999,    9
196904,20200305,-9999,    9
196904,20200306,-9999,    9
196904,20200307,-9999,    9
196904,20200308,-9999,    9
196904,20200309,-9999,    9
196904,20200310,-9999,    9
196904,20200311,-9999,    9
196904,20200312,-9999,    9
196904,20200313,-9999,    9
196904,20200314,-9999,    9
196904,20200315,-9999,    9
196904,20200316,-9999,    9
196904,20200317,-9999,    9
196904,20200318,-9999,    9
196904,20200319,-9999,    9
196904,20200320,-9999,    9
196904,20200321,-9999,    9
196904,20200322,-9999,    9
196904,20200323,-9999,    9
196904,20200324,-9999,    9
196904,20200325,-9999,    9
196904,20200326,-9999,    9
196904,20200327,-9999,    9
196904,20200328,-9999,    9
196904,20200329,-9999,    9
196904,20200330,-9999,    9
196904,20200331,-9999,    9
196904,20200401,-9999,    9
196904,20200402,-9999,    9
196904,20200403,-9999,    9
196904,20200404,-9999,    9
196904,20200405,-9999,    9
196904,20200406,-9999,    9
196904,20200407,-9999,    9
196904,20200408,-9999,    9
196904,20200409,-9999,    9
196904,20200410,-9999,    9
196904,20200411,-9999,    9
196904,20200412,-9999,    9
196904,20200413,-9999,    9
196904,20200414,-9999,    9
196904,20200415,-9999,    9
196904,20200416,-9999,    9
196904,20200417,-9999,    9
196904,20200418,-9999,    9
196904,20200419,-9999,    9
196904,20200420,-9999,    9
196904,20200421,-9999,    9
196904,20200422,-9999,    9
196904,20200423,-9999,    9
196904,20200424,-9999,    9
196904,20200425,-9999,    9
196904,20200426,-9999,    9
196904,20200427,-9999,    9
196904,20200428,-9999,    9
196904,20200429,-9999,    9
196904,20200430,-9999,    9
196904,20200501,-9999,    9
196904,20200502,-9999,    9
196904,20200503,-9999,    9
196904,20200504,-9999,    9
196904,20200505,-9999,    9
196904,20200506,-9999,    9
196904,20200507,-9999,    9
196904,20200508,-9999,    9
196904,20200509,-9999,    9
196904,20200510,-9999,    9
196904,20200511,-9999,    9
196904,20200512,-9999,    9
196904,20200513,-9999,    9
196904,20200514,-9999,    9
196904,20200515,-9999,    9
196904,20200516,-9999,    9
196904,20200517,-9999,    9
196904,20200518,-9999,    9
196904,20200519,-9999,    9
196904,20200520,-9999,    9
196904,20200521,-9999,    9
196904,20200522,-9999,    9
196904,20200523,-9999,    9
196904,20200524,-9999,    9
196904,20200525,-9999,    9
196904,20200526,-9999,    9
196904,20200527,-9999,    9
196904,20200528,-9999,    9
196904,20200529,-9999,    9
196904,20200530,-9999,    9
196904,20200531,-9999,    9
196904,20200601,-9999,    9
196904,20200602,-9999,    9
196904,20200603,-9999,    9
196904,20200604,-9999,    9
196904,20200605,-9999,    9
196904,20200606,-9999,    9
196904,20200607,-9999,    9
196904,20200608,-9999,    9
196904,20200609,-9999,    9
196904,20200610,-9999,    9
196904,20200611,-9999,    9
196904,20200612,-9999,    9
196904,20200613,-9999,    9
196904,20200614,-9999,    9
196904,20200615,-9999,    9
196904,20200616,-9999,    9
196904,20200617,-9999,    9
196904,20200618,-9999,    9
196904,20200619,-9999,    9
196904,20200620,-9999,    9
196904,20200621,-9999,    9
196904,20200622,-9999,    9
196904,20200623,-9999,    9
196904,20200624,-9999,    9
196904,20200625,-9999,    9
196904,20200626,-9999,    9
196904,20200627,-9999,    9
196904,20200628,-9999,    9
196904,20200629,-9999,    9
196904,20200630,-9999,    9
196904,20200701,-9999,    9
196904,20200702,-9999,    9
196904,20200703,-9999,    9
196904,20200704,-9999,    9
196904,20200705,-9999,    9
196904,20200706,-9999,    9
196904,20200707,-9999,    9
196904,20200708,-9999,    9
196904,20200709,-9999,    9
196904,20200710,-9999,    9
196904,20200711,-9999,    9
196904,20200712,-9999,    9
196904,20200713,-9999,    9
196904,20200714,-9999,    9
196904,20200715,-9999,    9
196904,20200716,-9999,    9
196904,20200717,-9999,    9
196904,20200718,-9999,    9
196904,20200719,-9999,    9
196904,20200720,-9999,    9
196904,20200721,-9999,    9
196904,20200722,-9999,    9
196904,20200723,-9999,    9
196904,20200724,-9999,    9
196904,20200725,-9999,    9
196904,20200726,-9999,    9
196904,20200727,-9999,    9
196904,20200728,-9999,    9
196904,20200729,-9999,    9
196904,20200730,-9999,    9
196904,20200731,-9999,    9
196904,20200801,-9999,    9
196904,20200802,-9999,    9
196904,20200803,-9999,    9
196904,20200804,-9999,    9
196904,20200805,-9999,    9
196904,20200806,-9999,    9
196904,20200807,-9999,    9
196904,20200808,-9999,    9
196904,20200809,-9999,    9
196904,20200810,-9999,    9
196904,20200811,-9999,    9
196904,20200812,-9999,    9
196904,20200813,-9999,    9
196904,20200814,-9999,    9
196904,20200815,-9999,    9
196904,20200816,-9999,    9
196904,20200817,-9999,    9
196904,20200818,-9999,    9
196904,20200819,-9999,    9
196904,20200820,-9999,    9
196904,20200821,-9999,    9
196904,20200822,-9999,    9
196904,20200823,-9999,    9
196904,20200824,-9999,    9
196904,20200825,-9999,    9
196904,20200826,-9999,    9
196904,20200827,-9999,    9
196904,20200828,-9999,    9
196904,20200829,-9999,    9
196904,20200830,-9999,    9
196904,20200831,-9999,    9
196904,20200901,-9999,    9
196904,20200902,-9999,    9
196904,20200903,-9999,    9
196904,20200904,-9999,    9
196904,20200905,-9999,    9
196904,20200906,-9999,    9
196904,20200907,-9999,    9
196904,20200908,-9999,    9
196904,20200909,-9999,    9
196904,20200910,-9999,    9
196904,20200911,-9999,    9
196904,20200912,-9999,    9
196904,20200913,-9999,    9
196904,20200914,-9999,    9
196904,20200915,-9999,    9
196904,20200916,-9999,    9
196904,20200917,-9999,    9
196904,20200918,-9999,    9
196904,20200919,-9999,    9
196904,20200920,-9999,    9
196904,20200921,-9999,    9
196904,20200922,-9999,    9
196904,20200923,-9999,    9
196904,20200924,-9999,    9
196904,20200925,-9999,    9
196904,20200926,-9999,    9
196904,20200927,-9999,    9
196904,20200928,-9999,    9
196904,20200929,-9999,    9
196904,20200930,-9999,    9
196904,20201001,-9999,    9
196904,20201002,-9999,    9
196904,20201003,-9999,    9
196904,20201004,-9999,    9
196904,20201005,-9999,    9
196904,20201006,-9999,    9
196904,20201007,-9999,    9
196904,20201008,-9999,    9
196904,20201009,-9999,    9
196904,20201010,-9999,    9
196904,20201011,-9999,    9
196904,20201012,-9999,    9
196904,20201013,-9999,    9
196904,20201014,-9999,    9
196904,20201015,-9999,    9
196904,20201016,-9999,    9
196904,20201017,-9999,    9
196904,20201018,-9999,    9
196904,20201019,-9999,    9
196904,20201020,-9999,    9
196904,20201021,-9999,    9
196904,20201022,-9999,    9
196904,20201023,-9999,    9
196904,20201024,-9999,    9
196904,20201025,-9999,    9
196904,20201026,-9999,    9
196904,20201027,-9999,    9
196904,20201028,-9999,    9
196904,20201029,-9999,    9
196904,20201030,-9999,    9
196904,20201031,-9999,    9
196904,20201101,-9999,    9
196904,20201102,-9999,    9
196904,20201103,-9999,    9
196904,20201104,-9999,    9
196904,20201105,-9999,    9
196904,20201106,-9999,    9
196904,20201107,-9999,    9
196904,20201108,-9999,    9
196904,20201109,-9999,    9
196904,20201110,-9999,    9
196904,20201111,-9999,    9
196904,20201112,-9999,    9
196904,20201113,-9999,    9
196904,20201114,-9999,    9
196904,20201115,-9999,    9
196904,20201116,-9999,    9
196904,20201117,-9999,    9
196904,20201118,-9999,    9
196904,20201119,-9999,    9
196904,20201120,-9999,    9
196904,20201121,-9999,    9
196904,20201122,-9999,    9
196904,20201123,-9999,    9
196904,20201124,-9999,    9
196904,20201125,-9999,    9
196904,20201126,-9999,    9
196904,20201127,-9999,    9
196904,20201128,-9999,    9
196904,20201129,-9999,    9
196904,20201130,-9999,    9
196904,20201201,-9999,    9
196904,20201202,-9999,    9
196904,20201203,-9999,    9
196904,20201204,-9999,    9
196904,20201205,-9999,    9
196904,20201206,-9999,    9
196904,20201207,-9999,    9
196904,20201208,-9999,    9
196904,20201209,-9999,    9
196904,20201210,-9999,    9
196904,20201211,-9999,    9
196904,20201212,-9999,    9
196904,20201213,-9999,    9
196904,20201214,-9999,    9
196904,20201215,-9999,    9
196904,20201216,-9999,    9
196904,20201217,-9999,    9
196904,20201218,-9999,    9
196904,20201219,-9999,    9
196904,20201220,-9999,    9
196904,20201221,-9999,    9
196904,20201222,-9999,    9
196904,20201223,-9999,    9
196904,20201224,-9999,    9
196904,20201225,-9999,    9
196904,20201226,-9999,    9
196904,20201227,-9999,    9
196904,20201228,-9999,    9
196904,20201229,-9999,    9
196904,20201230,-9999,    9
196904,20201231,-9999,    9
196904,20210101,-9999,    9
196904,20210102,-9999,    9
196904,20210103,-9999,    9
196904,20210104,-9999,    9
196904,20210105,-9999,    9
196904,20210106,-9999,    9
196904,20210107,-9999,    9
196904,20210108,-9999,    9
196904,20210109,-9999,    9
196904,20210110,-9999,    9
196904,20210111,-9999,    9
196904,20210112,-9999,    9
196904,20210113,-9999,    9
196904,20210114,-9999,    9
196904,20210115,-9999,    9
196904,20210116,-9999,    9
196904,20210117,-9999,    9
196904,20210118,-9999,    9
196904,20210119,-9999,    9
196904,20210120,-9999,    9
196904,20210121,-9999,    9
196904,20210122,-9999,    9
196904,20210123,-9999,    9
196904,20210124,-9999,    9
196904,20210125,-9999,    9
196904,20210126,-9999,    9
196904,20210127,-9999,    9
196904,20210128,-9999,    9
196904,20210129,-9999,    9
196904,20210130,-9999,    9
196904,20210131,-9999,    9
196904,20210201,-9999,    9
196904,20210202,-9999,    9
196904,20210203,-9999,    9
196904,20210204,-9999,    9
196904,20210205,-9999,    9
196904,20210206,-9999,    9
196904,20210207,-9999,    9
196904,20210208,-9999,    9
196904,20210209,-9999,    9
196904,20210210,-9999,    9
196904,20210211,-9999,    9
196904,20210212,-9999,    9
196904,20210213,-9999,    9
196904,20210214,-9999,    9
196904,20210215,-9999,    9
196904,20210216,-9999,    9
196904,20210217,-9999,    9
196904,20210218,-9999,    9
196904,20210219,-9999,    9
196904,20210220,-9999,    9
196904,20210221,-9999,    9
196904,20210222,-9999,    9
196904,20210223,-9999,    9
196904,20210224,-9999,    9
196904,20210225,-9999,    9
196904,20210226,-9999,    9
196904,20210227,-9999,    9
196904,20210228,-9999,    9
196904,20210301,-9999,    9
196904,20210302,-9999,    9
196904,20210303,-9999,    9
196904,20210304,-9999,    9
196904,20210305,-9999,    9
196904,20210306,-9999,    9
196904,20210307,-9999,    9
196904,20210308,-9999,    9
196904,20210309,-9999,    9
196904,20210310,-9999,    9
196904,20210311,-9999,    9
196904,20210312,-9999,    9
196904,20210313,-9999,    9
196904,20210314,-9999,    9
196904,20210315,-9999,    9
196904,20210316,-9999,    9
196904,20210317,-9999,    9
196904,20210318,-9999,    9
196904,20210319,-9999,    9
196904,20210320,-9999,    9
196904,20210321,-9999,    9
196904,20210322,-9999,    9
196904,20210323,-9999,    9
196904,20210324,-9999,    9
196904,20210325,-9999,    9
196904,20210326,-9999,    9
196904,20210327,-9999,    9
196904,20210328,-9999,    9
196904,20210329,-9999,    9
196904,20210330,-9999,    9
196904,20210331,-9999,    9
196904,20210401,-9999,    9
196904,20210402,-9999,    9
196904,20210403,-9999,    9
196904,20210404,-9999,    9
196904,20210405,-9999,    9
196904,20210406,-9999,    9
196904,20210407,-9999,    9
196904,20210408,-9999,    9
196904,20210409,-9999,    9
196904,20210410,-9999,    9
196904,20210411,-9999,    9
196904,20210412,-9999,    9
196904,20210413,-9999,    9
196904,20210414,-9999,    9
196904,20210415,-9999,    9
196904,20210416,-9999,    9
196904,20210417,-9999,    9
196904,20210418,-9999,    9
196904,20210419,-9999,    9
196904,20210420,-9999,    9
196904,20210421,-9999,    9
196904,20210422,-9999,    9
196904,20210423,-9999,    9
196904,20210424,-9999,    9
196904,20210425,-9999,    9
196904,20210426,-9999,    9
196904,20210427,-9999,    9
196904,20210428,-9999,    9
196904,20210429,-9999,    9
196904,20210430,-9999,    9
196904,20210501,-9999,    9
196904,20210502,-9999,    9
196904,20210503,-9999,    9
196904,20210504,-9999,    9
196904,20210505,-9999,    9
196904,20210506,-9999,    9
196904,20210507,-9999,    9
196904,20210508,-9999,    9
196904,20210509,-9999,    9
196904,20210510,-9999,    9
196904,20210511,-9999,    9
196904,20210512,-9999,    9
196904,20210513,-9999,    9
196904,20210514,-9999,    9
196904,20210515,-9999,    9
196904,20210516,-9999,    9
196904,20210517,-9999,    9
196904,20210518,-9999,    9
196904,20210519,-9999,    9
196904,20210520,-9999,    9
196904,20210521,-9999,    9
196904,20210522,-9999,    9
196904,20210523,-9999,    9
196904,20210524,-9999,    9
196904,20210525,-9999,    9
196904,20210526,-9999,    9
196904,20210527,-9999,    9
196904,20210528,-9999,    9
196904,20210529,-9999,    9
196904,20210530,-9999,    9
196904,20210531,-9999,    9
196904,20210601,-9999,    9
196904,20210602,-9999,    9
196904,20210603,-9999,    9
196904,20210604,-9999,    9
196904,20210605,-9999,    9
196904,20210606,-9999,    9
196904,20210607,-9999,    9
196904,20210608,-9999,    9
196904,20210609,-9999,    9
196904,20210610,-9999,    9
196904,20210611,-9999,    9
196904,20210612,-9999,    9
196904,20210613,-9999,    9
196904,20210614,-9999,    9
196904,20210615,-9999,    9
196904,20210616,-9999,    9
196904,20210617,-9999,    9
196904,20210618,-9999,    9
196904,20210619,-9999,    9
196904,20210620,-9999,    9
196904,20210621,-9999,    9
196904,20210622,-9999,    9
196904,20210623,-9999,    9
196904,20210624,-9999,    9
196904,20210625,-9999,    9
196904,20210626,-9999,    9
196904,20210627,-9999,    9
196904,20210628,-9999,    9
196904,20210629,-9999,    9
196904,20210630,-9999,    9
196904,20210701,-9999,    9
196904,20210702,-9999,    9
196904,20210703,-9999,    9
196904,20210704,-9999,    9
196904,20210705,-9999,    9
196904,20210706,-9999,    9
196904,20210707,-9999,    9
196904,20210708,-9999,    9
196904,20210709,-9999,    9
196904,20210710,-9999,    9
196904,20210711,-9999,    9
196904,20210712,-9999,    9
196904,20210713,-9999,    9
196904,20210714,-9999,    9
196904,20210715,-9999,    9
196904,20210716,-9999,    9
196904,20210717,-9999,    9
196904,20210718,-9999,    9
196904,20210719,-9999,    9
196904,20210720,-9999,    9
196904,20210721,-9999,    9
196904,20210722,-9999,    9
196904,20210723,-9999,    9
196904,20210724,-9999,    9
196904,20210725,-9999,    9
196904,20210726,-9999,    9
196904,20210727,-9999,    9
196904,20210728,-9999,    9
196904,20210729,-9999,    9
196904,20210730,-9999,    9
196904,20210731,-9999,    9
196904,20210801,-9999,    9
196904,20210802,-9999,    9
196904,20210803,-9999,    9
196904,20210804,-9999,    9
196904,20210805,-9999,    9
196904,20210806,-9999,    9
196904,20210807,-9999,    9
196904,20210808,-9999,    9
196904,20210809,-9999,    9
196904,20210810,-9999,    9
196904,20210811,-9999,    9
196904,20210812,-9999,    9
196904,20210813,-9999,    9
196904,20210814,-9999,    9
196904,20210815,-9999,    9
196904,20210816,-9999,    9
196904,20210817,-9999,    9
196904,20210818,-9999,    9
196904,20210819,-9999,    9
196904,20210820,-9999,    9
196904,20210821,-9999,    9
196904,20210822,-9999,    9
196904,20210823,-9999,    9
196904,20210824,-9999,    9
196904,20210825,-9999,    9
196904,20210826,-9999,    9
196904,20210827,-9999,    9
196904,20210828,-9999,    9
196904,20210829,-9999,    9
196904,20210830,-9999,    9
196904,20210831,-9999,    9
196904,20210901,-9999,    9
196904,20210902,-9999,    9
196904,20210903,-9999,    9
196904,20210904,-9999,    9
196904,20210905,-9999,    9
196904,20210906,-9999,    9
196904,20210907,-9999,    9
196904,20210908,-9999,    9
196904,20210909,-9999,    9
196904,20210910,-9999,    9
196904,20210911,-9999,    9
196904,20210912,-9999,    9
196904,20210913,-9999,    9
196904,20210914,-9999,    9
196904,20210915,-9999,    9
196904,20210916,-9999,    9
196904,20210917,-9999,    9
196904,20210918,-9999,    9
196904,20210919,-9999,    9
196904,20210920,-9999,    9
196904,20210921,-9999,    9
196904,20210922,-9999,    9
196904,20210923,-9999,    9
196904,20210924,-9999,    9
196904,20210925,-9999,    9
196904,20210926,-9999,    9
196904,20210927,-9999,    9
196904,20210928,-9999,    9
196904,20210929,-9999,    9
196904,20210930,-9999,    9
196904,20211001,-9999,    9
196904,20211002,-9999,    9
196904,20211003,-9999,    9
196904,20211004,-9999,    9
196904,20211005,-9999,    9
196904,20211006,-9999,    9
196904,20211007,-9999,    9
196904,20211008,-9999,    9
196904,20211009,-9999,    9
196904,20211010,-9999,    9
196904,20211011,-9999,    9
196904,20211012,-9999,    9
196904,20211013,-9999,    9
196904,20211014,-9999,    9
196904,20211015,-9999,    9
196904,20211016,-9999,    9
196904,20211017,-9999,    9
196904,20211018,-9999,    9
196904,20211019,-9999,    9
196904,20211020,-9999,    9
196904,20211021,-9999,    9
196904,20211022,-9999,    9
196904,20211023,-9999,    9
196904,20211024,-9999,    9
196904,20211025,-9999,    9
196904,20211026,-9999,    9
196904,20211027,-9999,    9
196904,20211028,-9999,    9
196904,20211029,-9999,    9
196904,20211030,-9999,    9
196904,20211031,-9999,    9
196904,20211101,-9999,    9
196904,20211102,-9999,    9
196904,20211103,-9999,    9
196904,20211104,-9999,    9
196904,20211105,-9999,    9
196904,20211106,-9999,    9
196904,20211107,-9999,    9
196904,20211108,-9999,    9
196904,20211109,-9999,    9
196904,20211110,-9999,    9
196904,20211111,-9999,    9
196904,20211112,-9999,    9
196904,20211113,-9999,    9
196904,20211114,-9999,    9
196904,20211115,-9999,    9
196904,20211116,-9999,    9
196904,20211117,-9999,    9
196904,20211118,-9999,    9
196904,20211119,-9999,    9
196904,20211120,-9999,    9
196904,20211121,-9999,    9
196904,20211122,-9999,    9
196904,20211123,-9999,    9
196904,20211124,-9999,    9
196904,20211125,-9999,    9
196904,20211126,-9999,    9
196904,20211127,-9999,    9
196904,20211128,-9999,    9
196904,20211129,-9999,    9
196904,20211130,-9999,    9
196904,20211201,-9999,    9
196904,20211202,-9999,    9
196904,20211203,-9999,    9
196904,20211204,-9999,    9
196904,20211205,-9999,    9
196904,20211206,-9999,    9
196904,20211207,-9999,    9
196904,20211208,-9999,    9
196904,20211209,-9999,    9
196904,20211210,-9999,    9
196904,20211211,-9999,    9
196904,20211212,-9999,    9
196904,20211213,-9999,    9
196904,20211214,-9999,    9
196904,20211215,-9999,    9
196904,20211216,-9999,    9
196904,20211217,-9999,    9
196904,20211218,-9999,    9
196904,20211219,-9999,    9
196904,20211220,-9999,    9
196904,20211221,-9999,    9
196904,20211222,-9999,    9
196904,20211223,-9999,    9
196904,20211224,-9999,    9
196904,20211225,-9999,    9
196904,20211226,-9999,    9
196904,20211227,-9999,    9
196904,20211228,-9999,    9
196904,20211229,-9999,    9
196904,20211230,-9999,    9
196904,20211231,-9999,    9
196904,20220101,-9999,    9
196904,20220102,-9999,    9
196904,20220103,-9999,    9
196904,20220104,-9999,    9
196904,20220105,-9999,    9
196904,20220106,-9999,    9
196904,20220107,-9999,    9
196904,20220108,-9999,    9
196904,20220109,-9999,    9
196904,20220110,-9999,    9
196904,20220111,-9999,    9
196904,20220112,-9999,    9
196904,20220113,-9999,    9
196904,20220114,-9999,    9
196904,20220115,-9999,    9
196904,20220116,-9999,    9
196904,20220117,-9999,    9
196904,20220118,-9999,    9
196904,20220119,-9999,    9
196904,20220120,-9999,    9
196904,20220121,-9999,    9
196904,20220122,-9999,    9
196904,20220123,-9999,    9
196904,20220124,-9999,    9
196904,20220125,-9999,    9
196904,20220126,-9999,    9
196904,20220127,-9999,    9
196904,20220128,-9999,    9
196904,20220129,-9999,    9
196904,20220130,-9999,    9
196904,20220131,-9999,    9
196904,20220201,-9999,    9
196904,20220202,-9999,    9
196904,20220203,-9999,    9
196904,20220204,-9999,    9
196904,20220205,-9999,    9
196904,20220206,-9999,    9
196904,20220207,-9999,    9
196904,20220208,-9999,    9
196904,20220209,-9999,    9
196904,20220210,-9999,    9
196904,20220211,-9999,    9
196904,20220212,-9999,    9
196904,20220213,-9999,    9
196904,20220214,-9999,    9
196904,20220215,-9999,    9
196904,20220216,-9999,    9
196904,20220217,-9999,    9
196904,20220218,-9999,    9
196904,20220219,-9999,    9
196904,20220220,-9999,    9
196904,20220221,-9999,    9
196904,20220222,-9999,    9
196904,20220223,-9999,    9
196904,20220224,-9999,    9
196904,20220225,-9999,    9
196904,20220226,-9999,    9
196904,20220227,-9999,    9
196904,20220228,-9999,    9
