EUROPEAN CLIMATE ASSESSMENT & DATASET (ECA&D), file created on 08-04-2022
THESE DATA CAN BE USED FREELY PROVIDED THAT THE FOLLOWING SOURCE IS ACKNOWLEDGED:

Klein Tank, A.M.G. and Coauthors, 2002. Daily dataset of 20th-century surface
air temperature and precipitation series for the European Climate Assessment.
Int. J. of Climatol., 22, 1441-1453.
Data and metadata available at http://www.ecad.eu

FILE FORMAT (MISSING VALUE CODE IS -9999):

01-06 SOUID: Source identifier
08-15 DATE : Date YYYYMMDD
17-21 TG   : mean temperature in 0.1 &#176;C
23-27 Q_TG : Quality code for TG (0='valid'; 1='suspect'; 9='missing')

This is the blended series of station ITALY, DIGA DI SUVIANA (STAID: 2809).
Blended and updated with sources: 195160 195184 
See file sources.txt and stations.txt for more info.

 SOUID,    DATE,   TG, Q_TG
195184,20180401,-9999,    9
195184,20180402,-9999,    9
195184,20180403,-9999,    9
195184,20180404,-9999,    9
195184,20180405,-9999,    9
195184,20180406,-9999,    9
195184,20180407,  125,    0
195184,20180408,  127,    0
195184,20180409,   88,    0
195184,20180410,  101,    0
195184,20180411,   96,    0
195184,20180412,  117,    0
195184,20180413,  111,    0
195184,20180414,  118,    0
195184,20180415,  114,    0
195184,20180416,  139,    0
195184,20180417,  151,    0
195184,20180418,  145,    0
195184,20180419,  150,    0
195184,20180420,-9999,    9
195184,20180421,  180,    0
195184,20180422,  184,    0
195184,20180423,  178,    0
195184,20180424,  176,    0
195184,20180425,  184,    0
195160,20180426,  185,    0
195184,20180427,  165,    0
195184,20180428,  181,    0
195184,20180429,  177,    0
195184,20180430,  145,    0
195184,20180501,  120,    0
195184,20180502,  109,    0
195184,20180503,  124,    0
195184,20180504,  132,    0
195184,20180505,  146,    0
195184,20180506,  167,    0
195184,20180507,  161,    0
195184,20180508,  165,    0
195184,20180509,  144,    0
195184,20180510,  147,    0
195184,20180511,  150,    0
195184,20180512,  160,    0
195184,20180513,  149,    0
195184,20180514,  113,    0
195184,20180515,  104,    0
195184,20180516,  130,    0
195184,20180517,  130,    0
195184,20180518,  153,    0
195184,20180519,  161,    0
195184,20180520,  161,    0
195184,20180521,  153,    0
195184,20180522,  145,    0
195184,20180523,  154,    0
195184,20180524,  176,    0
195184,20180525,  197,    0
195184,20180526,  210,    0
195184,20180527,  212,    0
195184,20180528,  213,    0
195184,20180529,  207,    0
195184,20180530,  186,    0
195184,20180531,  197,    0
195184,20180601,  185,    0
195184,20180602,  191,    0
195184,20180603,  208,    0
195184,20180604,  195,    0
195184,20180605,  190,    0
195184,20180606,  193,    0
195184,20180607,  206,    0
195184,20180608,  183,    0
195184,20180609,  192,    0
195184,20180610,  201,    0
195184,20180611,  220,    0
195184,20180612,  211,    0
195184,20180613,  187,    0
195184,20180614,  171,    0
195184,20180615,  182,    0
195184,20180616,  193,    0
195184,20180617,  212,    0
195184,20180618,  199,    0
195184,20180619,  212,    0
195184,20180620,  208,    0
195184,20180621,  224,    0
195184,20180622,  201,    0
195184,20180623,  181,    0
195184,20180624,  179,    0
195184,20180625,  164,    0
195184,20180626,  172,    0
195184,20180627,  198,    0
195184,20180628,  194,    0
195184,20180629,  219,    0
195184,20180630,  228,    0
195184,20180701,  234,    0
195184,20180702,  222,    0
195184,20180703,  235,    0
195184,20180704,  227,    0
195184,20180705,  236,    0
195184,20180706,  203,    0
195184,20180707,  203,    0
195184,20180708,  221,    0
195184,20180709,  221,    0
195184,20180710,  225,    0
195184,20180711,  221,    0
195184,20180712,  209,    0
195184,20180713,  219,    0
195184,20180714,  233,    0
195184,20180715,  224,    0
195184,20180716,  203,    0
195184,20180717,  219,    0
195184,20180718,  229,    0
195184,20180719,  235,    0
195184,20180720,  233,    0
195184,20180721,  204,    0
195184,20180722,  205,    0
195184,20180723,  212,    0
195184,20180724,  227,    0
195184,20180725,  214,    0
195184,20180726,  205,    0
195184,20180727,  225,    0
195184,20180728,  231,    0
195184,20180729,  240,    0
195184,20180730,  251,    0
195184,20180731,  259,    0
195184,20180801,  248,    0
195184,20180802,  235,    0
195184,20180803,  231,    0
195184,20180804,  247,    0
195184,20180805,  251,    0
195184,20180806,  253,    0
195184,20180807,  236,    0
195184,20180808,  237,    0
195184,20180809,  241,    0
195184,20180810,  240,    0
195184,20180811,  235,    0
195184,20180812,  228,    0
195184,20180813,  223,    0
195184,20180814,-9999,    9
195184,20180815,-9999,    9
195184,20180816,-9999,    9
195184,20180817,-9999,    9
195184,20180818,-9999,    9
195160,20180819,  395,    0
195160,20180820,  372,    0
195184,20180821,-9999,    9
195160,20180822,  397,    0
195160,20180823,  275,    0
195184,20180824,  227,    0
195184,20180825,  217,    0
195184,20180826,  163,    0
195184,20180827,  174,    0
195184,20180828,  199,    0
195184,20180829,  216,    0
195184,20180830,  213,    0
195184,20180831,  206,    0
195184,20180901,  169,    0
195184,20180902,  163,    0
195184,20180903,  166,    0
195184,20180904,  181,    0
195184,20180905,  201,    0
195184,20180906,  201,    0
195184,20180907,  179,    0
195184,20180908,  199,    0
195184,20180909,  208,    0
195184,20180910,  210,    0
195184,20180911,  222,    0
195184,20180912,  219,    0
195184,20180913,  200,    0
195184,20180914,  211,    0
195184,20180915,  213,    0
195184,20180916,  214,    0
195184,20180917,  207,    0
195184,20180918,  194,    0
195184,20180919,  199,    0
195184,20180920,  204,    0
195184,20180921,  213,    0
195184,20180922,  220,    0
195184,20180923,  218,    0
195184,20180924,  196,    0
195184,20180925,  135,    0
195184,20180926,  122,    0
195184,20180927,  142,    0
195184,20180928,  168,    0
195184,20180929,  161,    0
195184,20180930,  152,    0
195184,20181001,  122,    0
195184,20181002,   99,    0
195184,20181003,  125,    0
195184,20181004,  140,    0
195184,20181005,  133,    0
195184,20181006,  128,    0
195184,20181007,  147,    0
195184,20181008,  148,    0
195184,20181009,  156,    0
195184,20181010,  155,    0
195184,20181011,  152,    0
195184,20181012,  162,    0
195184,20181013,  146,    0
195184,20181014,  140,    0
195184,20181015,  138,    0
195184,20181016,  138,    0
195184,20181017,  134,    0
195184,20181018,  152,    0
195184,20181019,  155,    0
195184,20181020,  148,    0
195184,20181021,  116,    0
195184,20181022,   97,    0
195184,20181023,  120,    0
195184,20181024,  166,    0
195184,20181025,  165,    0
195184,20181026,  157,    0
195184,20181027,  168,    0
195184,20181028,  160,    0
195184,20181029,  147,    0
195184,20181030,  100,    0
195184,20181031,  107,    0
195184,20181101,  124,    0
195184,20181102,  107,    0
195184,20181103,  117,    0
195184,20181104,  129,    0
195184,20181105,  127,    0
195184,20181106,  129,    0
195184,20181107,  126,    0
195184,20181108,  121,    0
195184,20181109,  115,    0
195184,20181110,  111,    0
195184,20181111,  137,    0
195184,20181112,  133,    0
195184,20181113,  122,    0
195184,20181114,  107,    0
195184,20181115,   95,    0
195184,20181116,   73,    0
195184,20181117,   56,    0
195184,20181118,   36,    0
195184,20181119,   27,    0
195184,20181120,   11,    0
195184,20181121,   57,    0
195184,20181122,   59,    0
195184,20181123,   68,    0
195184,20181124,  111,    0
195184,20181125,   71,    0
195184,20181126,   70,    0
195184,20181127,   59,    0
195184,20181128,   47,    0
195184,20181129,   31,    0
195184,20181130,   16,    0
195184,20181201,   30,    0
195184,20181202,   55,    0
195184,20181203,   62,    0
195184,20181204,   82,    0
195184,20181205,   72,    0
195184,20181206,   53,    0
195184,20181207,   81,    0
195184,20181208,   87,    0
195184,20181209,  105,    0
195184,20181210,   93,    0
195184,20181211,   38,    0
195184,20181212,   24,    0
195184,20181213,   10,    0
195184,20181214,   -1,    0
195184,20181215,   -1,    0
195184,20181216,   13,    0
195184,20181217,   -1,    0
195184,20181218,   14,    0
195184,20181219,   18,    0
195184,20181220,    6,    0
195184,20181221,   56,    0
195184,20181222,  120,    0
195184,20181223,  122,    0
195184,20181224,  103,    0
195184,20181225,   47,    0
195184,20181226,   45,    0
195184,20181227,   44,    0
195184,20181228,   50,    0
195184,20181229,   54,    0
195184,20181230,   62,    0
195184,20181231,   53,    0
195184,20190101,   43,    0
195184,20190102,   31,    0
195184,20190103,   -2,    0
195184,20190104,    1,    0
195184,20190105,   25,    0
195184,20190106,   50,    0
195184,20190107,   36,    0
195184,20190108,   43,    0
195184,20190109,   24,    0
195184,20190110,    9,    0
195184,20190111,   -1,    0
195184,20190112,   30,    0
195184,20190113,   68,    0
195184,20190114,   90,    0
195184,20190115,   63,    0
195184,20190116,   85,    0
195184,20190117,   72,    0
195184,20190118,   46,    0
195184,20190119,   16,    0
195184,20190120,   10,    0
195184,20190121,    2,    0
195184,20190122,   -6,    0
195184,20190123,   -8,    0
195184,20190124,  -10,    0
195184,20190125,   -3,    0
195184,20190126,   23,    0
195184,20190127,   61,    0
195184,20190128,   28,    0
195184,20190129,   29,    0
195184,20190130,   14,    0
195184,20190131,    1,    0
195184,20190201,   57,    0
195184,20190202,   69,    0
195184,20190203,   47,    0
195184,20190204,   33,    0
195184,20190205,   33,    0
195184,20190206,   38,    0
195184,20190207,   46,    0
195184,20190208,   48,    0
195184,20190209,   77,    0
195184,20190210,   90,    0
195184,20190211,   67,    0
195184,20190212,   67,    0
195184,20190213,   43,    0
195184,20190214,   59,    0
195184,20190215,   70,    0
195184,20190216,   73,    0
195184,20190217,   86,    0
195184,20190218,   77,    0
195184,20190219,   61,    0
195184,20190220,   68,    0
195184,20190221,-9999,    9
195184,20190222,   95,    0
195184,20190223,   35,    0
195184,20190224,   24,    0
195184,20190225,   64,    0
195184,20190226,   90,    0
195184,20190227,  122,    0
195184,20190228,  108,    0
195184,20190301,   83,    0
195184,20190302,   85,    0
195184,20190303,  101,    0
195184,20190304,  109,    0
195184,20190305,  103,    0
195184,20190306,  112,    0
195184,20190307,  112,    0
195184,20190308,  112,    0
195184,20190309,  107,    0
195184,20190310,  117,    0
195184,20190311,   99,    0
195184,20190312,   73,    0
195184,20190313,   60,    0
195184,20190314,   78,    0
195184,20190315,  115,    0
195184,20190316,  126,    0
195184,20190317,  111,    0
195184,20190318,   77,    0
195184,20190319,   38,    0
195184,20190320,   49,    0
195184,20190321,   66,    0
195184,20190322,   98,    0
195184,20190323,  113,    0
195184,20190324,  135,    0
195184,20190325,  126,    0
195184,20190326,   50,    0
195184,20190327,   64,    0
195184,20190328,   68,    0
195184,20190329,   78,    0
195184,20190330,  105,    0
195184,20190331,  123,    0
195184,20190401,  126,    0
195184,20190402,  129,    0
195184,20190403,  101,    0
195184,20190404,   92,    0
195184,20190405,   80,    0
195184,20190406,  101,    0
195184,20190407,   94,    0
195184,20190408,   92,    0
195184,20190409,  106,    0
195184,20190410,  109,    0
195184,20190411,   92,    0
195184,20190412,   81,    0
195184,20190413,   68,    0
195184,20190414,   50,    0
195184,20190415,   79,    0
195184,20190416,  101,    0
195184,20190417,  121,    0
195184,20190418,  119,    0
195184,20190419,  112,    0
195184,20190420,  129,    0
195184,20190421,  132,    0
195184,20190422,  119,    0
195184,20190423,  116,    0
195184,20190424,  141,    0
195184,20190425,  159,    0
195184,20190426,  138,    0
195184,20190427,  125,    0
195184,20190428,  100,    0
195184,20190429,   55,    0
195184,20190430,  115,    0
195184,20190501,  129,    0
195184,20190502,  130,    0
195184,20190503,  122,    0
195184,20190504,  124,    0
195184,20190505,   44,    0
195184,20190506,   50,    0
195184,20190507,   92,    0
195184,20190508,  107,    0
195184,20190509,  118,    0
195184,20190510,  139,    0
195184,20190511,  131,    0
195184,20190512,   84,    0
195184,20190513,   81,    0
195184,20190514,   94,    0
195184,20190515,   56,    0
195184,20190516,  112,    0
195184,20190517,  126,    0
195184,20190518,  110,    0
195184,20190519,  113,    0
195184,20190520,  127,    0
195184,20190521,  146,    0
195184,20190522,  149,    0
195184,20190523,  146,    0
195184,20190524,  154,    0
195184,20190525,  163,    0
195184,20190526,  135,    0
195184,20190527,  128,    0
195184,20190528,  141,    0
195184,20190529,  115,    0
195184,20190530,  131,    0
195184,20190531,-9999,    9
195184,20190601,-9999,    9
195184,20190602,-9999,    9
195184,20190603,-9999,    9
195184,20190604,-9999,    9
195184,20190605,-9999,    9
195184,20190606,-9999,    9
195184,20190607,-9999,    9
195184,20190608,-9999,    9
195184,20190609,-9999,    9
195184,20190610,-9999,    9
195184,20190611,-9999,    9
195184,20190612,-9999,    9
195184,20190613,-9999,    9
195184,20190614,-9999,    9
195184,20190615,-9999,    9
195184,20190616,-9999,    9
195184,20190617,-9999,    9
195184,20190618,-9999,    9
195184,20190619,-9999,    9
195184,20190620,-9999,    9
195184,20190621,-9999,    9
195184,20190622,-9999,    9
195184,20190623,-9999,    9
195184,20190624,-9999,    9
195184,20190625,-9999,    9
195184,20190626,-9999,    9
195184,20190627,-9999,    9
195184,20190628,-9999,    9
195184,20190629,-9999,    9
195184,20190630,-9999,    9
195184,20190701,-9999,    9
195184,20190702,-9999,    9
195184,20190703,-9999,    9
195184,20190704,-9999,    9
195184,20190705,-9999,    9
195184,20190706,-9999,    9
195184,20190707,-9999,    9
195184,20190708,-9999,    9
195184,20190709,-9999,    9
195184,20190710,-9999,    9
195184,20190711,-9999,    9
195184,20190712,-9999,    9
195184,20190713,-9999,    9
195184,20190714,-9999,    9
195184,20190715,-9999,    9
195184,20190716,-9999,    9
195184,20190717,-9999,    9
195184,20190718,-9999,    9
195184,20190719,-9999,    9
195184,20190720,-9999,    9
195184,20190721,-9999,    9
195184,20190722,-9999,    9
195184,20190723,-9999,    9
195184,20190724,-9999,    9
195184,20190725,-9999,    9
195184,20190726,-9999,    9
195184,20190727,-9999,    9
195184,20190728,-9999,    9
195184,20190729,-9999,    9
195184,20190730,-9999,    9
195184,20190731,-9999,    9
195184,20190801,-9999,    9
195184,20190802,-9999,    9
195184,20190803,-9999,    9
195184,20190804,-9999,    9
195184,20190805,-9999,    9
195184,20190806,-9999,    9
195184,20190807,-9999,    9
195184,20190808,-9999,    9
195184,20190809,-9999,    9
195184,20190810,-9999,    9
195184,20190811,-9999,    9
195184,20190812,-9999,    9
195184,20190813,-9999,    9
195184,20190814,-9999,    9
195184,20190815,-9999,    9
195184,20190816,-9999,    9
195184,20190817,-9999,    9
195184,20190818,-9999,    9
195184,20190819,-9999,    9
195184,20190820,-9999,    9
195184,20190821,-9999,    9
195184,20190822,-9999,    9
195184,20190823,-9999,    9
195184,20190824,-9999,    9
195184,20190825,-9999,    9
195184,20190826,-9999,    9
195184,20190827,-9999,    9
195184,20190828,-9999,    9
195184,20190829,-9999,    9
195184,20190830,-9999,    9
195184,20190831,-9999,    9
195184,20190901,-9999,    9
195184,20190902,-9999,    9
195184,20190903,-9999,    9
195184,20190904,-9999,    9
195184,20190905,-9999,    9
195184,20190906,-9999,    9
195184,20190907,-9999,    9
195184,20190908,-9999,    9
195184,20190909,-9999,    9
195184,20190910,-9999,    9
195184,20190911,-9999,    9
195184,20190912,-9999,    9
195184,20190913,-9999,    9
195184,20190914,-9999,    9
195184,20190915,-9999,    9
195184,20190916,-9999,    9
195184,20190917,-9999,    9
195184,20190918,-9999,    9
195184,20190919,-9999,    9
195184,20190920,-9999,    9
195184,20190921,-9999,    9
195184,20190922,-9999,    9
195184,20190923,-9999,    9
195184,20190924,-9999,    9
195184,20190925,-9999,    9
195184,20190926,-9999,    9
195184,20190927,-9999,    9
195184,20190928,-9999,    9
195184,20190929,-9999,    9
195184,20190930,-9999,    9
195184,20191001,-9999,    9
195184,20191002,-9999,    9
195184,20191003,-9999,    9
195184,20191004,-9999,    9
195184,20191005,-9999,    9
195184,20191006,-9999,    9
195184,20191007,-9999,    9
195184,20191008,-9999,    9
195184,20191009,-9999,    9
195184,20191010,-9999,    9
195184,20191011,-9999,    9
195184,20191012,-9999,    9
195184,20191013,-9999,    9
195184,20191014,-9999,    9
195184,20191015,-9999,    9
195184,20191016,-9999,    9
195184,20191017,-9999,    9
195184,20191018,-9999,    9
195184,20191019,-9999,    9
195184,20191020,-9999,    9
195184,20191021,-9999,    9
195184,20191022,-9999,    9
195184,20191023,-9999,    9
195184,20191024,-9999,    9
195184,20191025,-9999,    9
195184,20191026,-9999,    9
195184,20191027,-9999,    9
195184,20191028,-9999,    9
195184,20191029,-9999,    9
195184,20191030,-9999,    9
195184,20191031,-9999,    9
195184,20191101,-9999,    9
195184,20191102,-9999,    9
195184,20191103,-9999,    9
195184,20191104,-9999,    9
195184,20191105,-9999,    9
195184,20191106,-9999,    9
195184,20191107,-9999,    9
195184,20191108,-9999,    9
195184,20191109,-9999,    9
195184,20191110,-9999,    9
195184,20191111,-9999,    9
195184,20191112,-9999,    9
195184,20191113,-9999,    9
195184,20191114,-9999,    9
195184,20191115,-9999,    9
195184,20191116,-9999,    9
195184,20191117,-9999,    9
195184,20191118,-9999,    9
195184,20191119,-9999,    9
195184,20191120,-9999,    9
195184,20191121,-9999,    9
195184,20191122,-9999,    9
195184,20191123,-9999,    9
195184,20191124,-9999,    9
195184,20191125,-9999,    9
195184,20191126,-9999,    9
195184,20191127,-9999,    9
195184,20191128,-9999,    9
195184,20191129,-9999,    9
195184,20191130,-9999,    9
195184,20191201,-9999,    9
195184,20191202,-9999,    9
195184,20191203,-9999,    9
195184,20191204,-9999,    9
195184,20191205,-9999,    9
195184,20191206,-9999,    9
195184,20191207,-9999,    9
195184,20191208,-9999,    9
195184,20191209,-9999,    9
195184,20191210,-9999,    9
195184,20191211,-9999,    9
195184,20191212,-9999,    9
195184,20191213,-9999,    9
195184,20191214,-9999,    9
195184,20191215,-9999,    9
195184,20191216,-9999,    9
195184,20191217,-9999,    9
195184,20191218,-9999,    9
195184,20191219,-9999,    9
195184,20191220,-9999,    9
195184,20191221,-9999,    9
195184,20191222,-9999,    9
195184,20191223,-9999,    9
195184,20191224,-9999,    9
195184,20191225,-9999,    9
195184,20191226,-9999,    9
195184,20191227,-9999,    9
195184,20191228,-9999,    9
195184,20191229,-9999,    9
195184,20191230,-9999,    9
195184,20191231,   45,    0
195184,20200101,   50,    0
195184,20200102,   39,    0
195184,20200103,   55,    0
195184,20200104,   60,    0
195184,20200105,   53,    0
195184,20200106,   28,    0
195184,20200107,   22,    0
195184,20200108,   37,    0
195184,20200109,   67,    0
195184,20200110,   80,    0
195184,20200111,   56,    0
195184,20200112,   38,    0
195184,20200113,   30,    0
195184,20200114,   55,    0
195184,20200115,   77,    0
195184,20200116,   58,    0
195184,20200117,   64,    0
195184,20200118,   46,    0
195184,20200119,   36,    0
195184,20200120,   27,    0
195184,20200121,   23,    0
195184,20200122,   49,    0
195184,20200123,   46,    0
195184,20200124,   31,    0
195184,20200125,   34,    0
195184,20200126,   49,    0
195184,20200127,   71,    0
195184,20200128,   98,    0
195184,20200129,   96,    0
195184,20200130,   87,    0
195184,20200131,-9999,    9
195184,20200201,-9999,    9
195184,20200202,-9999,    9
195184,20200203,-9999,    9
195184,20200204,-9999,    9
195184,20200205,-9999,    9
195184,20200206,-9999,    9
195184,20200207,-9999,    9
195184,20200208,-9999,    9
195184,20200209,-9999,    9
195184,20200210,-9999,    9
195184,20200211,-9999,    9
195184,20200212,-9999,    9
195184,20200213,-9999,    9
195184,20200214,-9999,    9
195184,20200215,-9999,    9
195184,20200216,-9999,    9
195184,20200217,-9999,    9
195184,20200218,-9999,    9
195184,20200219,-9999,    9
195184,20200220,-9999,    9
195184,20200221,-9999,    9
195184,20200222,-9999,    9
195184,20200223,-9999,    9
195184,20200224,-9999,    9
195184,20200225,-9999,    9
195184,20200226,-9999,    9
195184,20200227,-9999,    9
195184,20200228,-9999,    9
195184,20200229,-9999,    9
195184,20200301,-9999,    9
195184,20200302,-9999,    9
195184,20200303,-9999,    9
195184,20200304,-9999,    9
195184,20200305,-9999,    9
195184,20200306,-9999,    9
195184,20200307,-9999,    9
195184,20200308,-9999,    9
195184,20200309,-9999,    9
195184,20200310,-9999,    9
195184,20200311,-9999,    9
195184,20200312,-9999,    9
195184,20200313,-9999,    9
195184,20200314,-9999,    9
195184,20200315,-9999,    9
195184,20200316,-9999,    9
195184,20200317,-9999,    9
195184,20200318,-9999,    9
195184,20200319,-9999,    9
195184,20200320,-9999,    9
195184,20200321,-9999,    9
195184,20200322,-9999,    9
195184,20200323,-9999,    9
195184,20200324,-9999,    9
195184,20200325,-9999,    9
195184,20200326,-9999,    9
195184,20200327,-9999,    9
195184,20200328,-9999,    9
195184,20200329,-9999,    9
195184,20200330,-9999,    9
195184,20200331,-9999,    9
195184,20200401,-9999,    9
195184,20200402,-9999,    9
195184,20200403,-9999,    9
195184,20200404,-9999,    9
195184,20200405,-9999,    9
195184,20200406,-9999,    9
195184,20200407,-9999,    9
195184,20200408,-9999,    9
195184,20200409,-9999,    9
195184,20200410,-9999,    9
195184,20200411,-9999,    9
195184,20200412,-9999,    9
195184,20200413,-9999,    9
195184,20200414,-9999,    9
195184,20200415,-9999,    9
195184,20200416,-9999,    9
195184,20200417,-9999,    9
195184,20200418,-9999,    9
195184,20200419,-9999,    9
195184,20200420,-9999,    9
195184,20200421,-9999,    9
195184,20200422,-9999,    9
195184,20200423,-9999,    9
195184,20200424,-9999,    9
195184,20200425,-9999,    9
195184,20200426,-9999,    9
195184,20200427,-9999,    9
195184,20200428,-9999,    9
195184,20200429,-9999,    9
195160,20200430,  141,    0
195160,20200501,  143,    0
195160,20200502,  163,    0
195184,20200503,  160,    0
195184,20200504,  174,    0
195160,20200505,  164,    0
195160,20200506,  134,    0
195184,20200507,  149,    0
195184,20200508,  166,    0
195184,20200509,  174,    0
195184,20200510,  180,    0
195184,20200511,  131,    0
195184,20200512,  159,    0
195184,20200513,  177,    0
195160,20200514,  169,    0
195184,20200515,  163,    0
195160,20200516,  147,    0
195160,20200517,  164,    0
195160,20200518,  160,    0
195160,20200519,  145,    0
195184,20200520,-9999,    9
195160,20200521,  159,    0
195160,20200522,  180,    0
195160,20200523,  195,    0
195160,20200524,  172,    0
195160,20200525,  164,    0
195160,20200526,  154,    0
195160,20200527,  142,    0
195160,20200528,  157,    0
195184,20200529,  113,    0
195184,20200530,  137,    0
195160,20200531,  132,    0
195160,20200601,  156,    0
195160,20200602,  173,    0
195160,20200603,  178,    0
195160,20200604,  156,    0
195160,20200605,  169,    0
195160,20200606,  178,    0
195160,20200607,  174,    0
195160,20200608,  155,    0
195160,20200609,  160,    0
195160,20200610,  145,    0
195160,20200611,  144,    0
195160,20200612,  163,    0
195160,20200613,  170,    0
195160,20200614,  170,    0
195160,20200615,  163,    0
195160,20200616,  177,    0
195160,20200617,  179,    0
195160,20200618,  186,    0
195160,20200619,  181,    0
195160,20200620,  184,    0
195160,20200621,  192,    0
195160,20200622,  206,    0
195160,20200623,  209,    0
195160,20200624,  216,    0
195160,20200625,  211,    0
195160,20200626,  212,    0
195160,20200627,  220,    0
195160,20200628,  229,    0
195160,20200629,  237,    0
195160,20200630,  238,    0
195160,20200701,  228,    0
195160,20200702,  236,    0
195160,20200703,  201,    0
195160,20200704,  195,    0
195160,20200705,  211,    0
195160,20200706,  229,    0
195160,20200707,  174,    0
195160,20200708,  185,    0
195160,20200709,  217,    0
195160,20200710,  232,    0
195160,20200711,  228,    0
195160,20200712,  196,    0
195160,20200713,  170,    0
195160,20200714,  181,    0
195160,20200715,  173,    0
195160,20200716,  190,    0
195160,20200717,  189,    0
195160,20200718,  186,    0
195160,20200719,  200,    0
195160,20200720,  217,    0
195160,20200721,  225,    0
195160,20200722,  233,    0
195160,20200723,  218,    0
195160,20200724,  170,    0
195160,20200725,  195,    0
195160,20200726,  213,    0
195160,20200727,  221,    0
195160,20200728,  244,    0
195160,20200729,  252,    0
195160,20200730,  257,    0
195160,20200731,  243,    0
195160,20200801,  261,    0
195160,20200802,  250,    0
195160,20200803,  214,    0
195160,20200804,  163,    0
195160,20200805,  175,    0
195160,20200806,  194,    0
195160,20200807,  211,    0
195160,20200808,  223,    0
195160,20200809,  230,    0
195160,20200810,  239,    0
195160,20200811,  225,    0
195160,20200812,  235,    0
195160,20200813,  239,    0
195160,20200814,  240,    0
195160,20200815,  219,    0
195160,20200816,  223,    0
195160,20200817,  216,    0
195160,20200818,  211,    0
195160,20200819,  213,    0
195160,20200820,  227,    0
195160,20200821,  241,    0
195160,20200822,  246,    0
195160,20200823,  237,    0
195160,20200824,  211,    0
195160,20200825,  214,    0
195160,20200826,  221,    0
195160,20200827,  222,    0
195160,20200828,  229,    0
195160,20200829,  239,    0
195160,20200830,  193,    0
195184,20200831,-9999,    9
195160,20200901,  158,    0
195160,20200902,  159,    0
195160,20200903,  169,    0
195160,20200904,  184,    0
195160,20200905,  200,    0
195160,20200906,  193,    0
195160,20200907,  190,    0
195160,20200908,  188,    0
195160,20200909,  194,    0
195160,20200910,  205,    0
195160,20200911,  205,    0
195160,20200912,  196,    0
195160,20200913,  202,    0
195160,20200914,  198,    0
195160,20200915,  195,    0
195160,20200916,  199,    0
195160,20200917,  201,    0
195160,20200918,  194,    0
195160,20200919,  182,    0
195160,20200920,  179,    0
195160,20200921,  165,    0
195160,20200922,  167,    0
195160,20200923,  166,    0
195160,20200924,  169,    0
195160,20200925,  139,    0
195160,20200926,  110,    0
195160,20200927,   94,    0
195160,20200928,  105,    0
195160,20200929,  124,    0
195160,20200930,  132,    0
195160,20201001,  141,    0
195160,20201002,  163,    0
195160,20201003,  142,    0
195160,20201004,  122,    0
195160,20201005,  121,    0
195160,20201006,  139,    0
195160,20201007,  138,    0
195160,20201008,  122,    0
195160,20201009,  129,    0
195160,20201010,  133,    0
195160,20201011,  103,    0
195160,20201012,   68,    0
195160,20201013,   70,    0
195160,20201014,   93,    0
195160,20201015,   87,    0
195160,20201016,   87,    0
195160,20201017,   80,    0
195160,20201018,   87,    0
195160,20201019,   84,    0
195160,20201020,   89,    0
195160,20201021,  101,    0
195160,20201022,  113,    0
195160,20201023,  145,    0
195160,20201024,  130,    0
195160,20201025,  116,    0
195160,20201026,  131,    0
195160,20201027,   94,    0
195160,20201028,   83,    0
195160,20201029,  101,    0
195160,20201030,  115,    0
195184,20201031,-9999,    9
195184,20201101,-9999,    9
195184,20201102,-9999,    9
195184,20201103,-9999,    9
195184,20201104,-9999,    9
195184,20201105,-9999,    9
195184,20201106,-9999,    9
195184,20201107,-9999,    9
195184,20201108,-9999,    9
195184,20201109,-9999,    9
195184,20201110,-9999,    9
195184,20201111,-9999,    9
195184,20201112,-9999,    9
195184,20201113,-9999,    9
195184,20201114,-9999,    9
195184,20201115,-9999,    9
195184,20201116,-9999,    9
195184,20201117,-9999,    9
195184,20201118,-9999,    9
195184,20201119,-9999,    9
195184,20201120,-9999,    9
195184,20201121,-9999,    9
195184,20201122,-9999,    9
195184,20201123,-9999,    9
195184,20201124,-9999,    9
195184,20201125,-9999,    9
195184,20201126,-9999,    9
195184,20201127,-9999,    9
195184,20201128,-9999,    9
195184,20201129,-9999,    9
195184,20201130,-9999,    9
195184,20201201,-9999,    9
195184,20201202,-9999,    9
195184,20201203,-9999,    9
195184,20201204,-9999,    9
195184,20201205,-9999,    9
195184,20201206,-9999,    9
195184,20201207,-9999,    9
195184,20201208,-9999,    9
195184,20201209,-9999,    9
195184,20201210,-9999,    9
195184,20201211,-9999,    9
195184,20201212,-9999,    9
195184,20201213,-9999,    9
195184,20201214,-9999,    9
195184,20201215,-9999,    9
195184,20201216,-9999,    9
195184,20201217,-9999,    9
195184,20201218,-9999,    9
195184,20201219,-9999,    9
195184,20201220,-9999,    9
195184,20201221,-9999,    9
195184,20201222,-9999,    9
195184,20201223,-9999,    9
195184,20201224,-9999,    9
195184,20201225,-9999,    9
195184,20201226,-9999,    9
195184,20201227,-9999,    9
195184,20201228,-9999,    9
195184,20201229,-9999,    9
195184,20201230,-9999,    9
195160,20201231,   21,    0
195160,20210101,   42,    0
195160,20210102,   45,    0
195160,20210103,   48,    0
195160,20210104,   27,    0
195160,20210105,    5,    0
195160,20210106,   14,    0
195160,20210107,   15,    0
195160,20210108,   15,    0
195160,20210109,    7,    0
195160,20210110,   -3,    0
195160,20210111,   -7,    0
195160,20210112,    1,    0
195160,20210113,   44,    0
195160,20210114,   65,    0
195160,20210115,   16,    0
195160,20210116,    7,    0
195160,20210117,   22,    0
195160,20210118,    5,    0
195160,20210119,   37,    0
195160,20210120,   61,    0
195160,20210121,   83,    0
195160,20210122,   93,    0
195160,20210123,   58,    0
195160,20210124,   36,    0
195160,20210125,   29,    0
195160,20210126,   17,    0
195160,20210127,   15,    0
195160,20210128,   65,    0
195160,20210129,  100,    0
195160,20210130,   79,    0
195160,20210131,   51,    0
195160,20210201,   48,    0
195160,20210202,   64,    0
195160,20210203,   96,    0
195160,20210204,  106,    0
195160,20210205,   74,    0
195160,20210206,   73,    0
195160,20210207,   82,    0
195160,20210208,   69,    0
195160,20210209,   78,    0
195160,20210210,   80,    0
195160,20210211,   54,    0
195160,20210212,   10,    0
195160,20210213,  -35,    0
195160,20210214,  -31,    0
195160,20210215,  -10,    0
195160,20210216,   27,    0
195160,20210217,   54,    0
195160,20210218,   64,    0
195160,20210219,   88,    0
195160,20210220,   87,    0
195160,20210221,   80,    0
195160,20210222,   87,    0
195160,20210223,   90,    0
195160,20210224,  103,    0
195160,20210225,  110,    0
195160,20210226,  111,    0
195160,20210227,   90,    0
195160,20210228,   52,    0
195160,20210301,   46,    0
195160,20210302,   62,    0
195160,20210303,   78,    0
195160,20210304,   87,    0
195160,20210305,   95,    0
195160,20210306,   40,    0
195184,20210307,-9999,    9
195160,20210308,   51,    0
195160,20210309,   54,    0
195160,20210310,   55,    0
195160,20210311,   77,    0
195160,20210312,  102,    0
195160,20210313,   90,    0
195160,20210314,   60,    0
195160,20210315,   56,    0
195160,20210316,   65,    0
195184,20210317,   56,    0
195184,20210318,   38,    0
195184,20210319,   23,    0
195184,20210320,   18,    0
195184,20210321,   24,    0
195184,20210322,   56,    0
195184,20210323,   56,    0
195184,20210324,   88,    0
195184,20210325,   95,    0
195184,20210326,   98,    0
195184,20210327,  106,    0
195184,20210328,  107,    0
195184,20210329,  128,    0
195184,20210330,  146,    0
195184,20210331,  160,    0
195184,20210401,  155,    0
195184,20210402,  146,    0
195184,20210403,  122,    0
195184,20210404,   80,    0
195184,20210405,   88,    0
195184,20210406,   52,    0
195184,20210407,   29,    0
195184,20210408,   64,    0
195184,20210409,   84,    0
195184,20210410,   84,    0
195184,20210411,   92,    0
195184,20210412,  101,    0
195184,20210413,   50,    0
195184,20210414,   55,    0
195184,20210415,   52,    0
195184,20210416,   53,    0
195184,20210417,   56,    0
195184,20210418,   54,    0
195184,20210419,   71,    0
195184,20210420,   87,    0
195184,20210421,  106,    0
195184,20210422,  104,    0
195184,20210423,  113,    0
195184,20210424,  121,    0
195184,20210425,  146,    0
195184,20210426,  135,    0
195184,20210427,   92,    0
195184,20210428,  104,    0
195184,20210429,  129,    0
195184,20210430,  145,    0
195184,20210501,  143,    0
195184,20210502,  124,    0
195184,20210503,  118,    0
195184,20210504,  125,    0
195184,20210505,  129,    0
195184,20210506,  143,    0
195184,20210507,  148,    0
195184,20210508,  139,    0
195184,20210509,  156,    0
195184,20210510,  183,    0
195184,20210511,  135,    0
195184,20210512,  124,    0
195184,20210513,  130,    0
195184,20210514,  118,    0
195184,20210515,  121,    0
195184,20210516,  143,    0
195184,20210517,  139,    0
195184,20210518,  140,    0
195184,20210519,  121,    0
195184,20210520,  133,    0
195184,20210521,  147,    0
195184,20210522,  145,    0
195184,20210523,  164,    0
195184,20210524,  126,    0
195184,20210525,  140,    0
195184,20210526,  142,    0
195184,20210527,  148,    0
195184,20210528,  168,    0
195184,20210529,  160,    0
195184,20210530,  154,    0
195184,20210531,  144,    0
195184,20210601,  159,    0
195184,20210602,  176,    0
195184,20210603,  184,    0
195184,20210604,  203,    0
195184,20210605,  197,    0
195184,20210606,  191,    0
195184,20210607,  174,    0
195184,20210608,  168,    0
195184,20210609,  190,    0
195184,20210610,  174,    0
195184,20210611,  182,    0
195184,20210612,  211,    0
195184,20210613,  217,    0
195184,20210614,  227,    0
195184,20210615,  217,    0
195184,20210616,  214,    0
195184,20210617,  227,    0
195184,20210618,  224,    0
195184,20210619,  223,    0
195184,20210620,  242,    0
195184,20210621,  239,    0
195184,20210622,  233,    0
195184,20210623,  226,    0
195184,20210624,  227,    0
195184,20210625,  214,    0
195184,20210626,  209,    0
195184,20210627,  221,    0
195184,20210628,  242,    0
195184,20210629,  240,    0
195184,20210630,  208,    0
195184,20210701,  207,    0
195184,20210702,  213,    0
195184,20210703,  219,    0
195184,20210704,  206,    0
195184,20210705,  215,    0
195184,20210706,  232,    0
195184,20210707,  255,    0
195184,20210708,  242,    0
195184,20210709,  212,    0
195184,20210710,  225,    0
195184,20210711,  216,    0
195184,20210712,  235,    0
195184,20210713,  220,    0
195184,20210714,  189,    0
195184,20210715,  200,    0
195184,20210716,  184,    0
195184,20210717,  200,    0
195184,20210718,  232,    0
195184,20210719,  235,    0
195184,20210720,  229,    0
195184,20210721,  232,    0
195184,20210722,  223,    0
195184,20210723,  239,    0
195184,20210724,  251,    0
195184,20210725,  246,    0
195184,20210726,  246,    0
195184,20210727,  248,    0
195184,20210728,  245,    0
195184,20210729,  246,    0
195184,20210730,  261,    0
195184,20210731,  261,    0
195184,20210801,  229,    0
195184,20210802,  208,    0
195184,20210803,  205,    0
195184,20210804,  225,    0
195184,20210805,  208,    0
195184,20210806,  219,    0
195184,20210807,  240,    0
195184,20210808,  246,    0
195184,20210809,  249,    0
195184,20210810,  256,    0
195184,20210811,  262,    0
195184,20210812,  266,    0
195184,20210813,  271,    0
195184,20210814,  274,    0
195184,20210815,  273,    0
195184,20210816,  267,    0
195184,20210817,  239,    0
195184,20210818,  211,    0
195184,20210819,  220,    0
195184,20210820,  228,    0
195184,20210821,  237,    0
195184,20210822,  232,    0
195184,20210823,  211,    0
195184,20210824,  209,    0
195184,20210825,  200,    0
195184,20210826,  211,    0
195184,20210827,  182,    0
195184,20210828,  153,    0
195184,20210829,  170,    0
195184,20210830,  182,    0
195184,20210831,  171,    0
195184,20210901,  180,    0
195184,20210902,  191,    0
195184,20210903,  184,    0
195184,20210904,  181,    0
195184,20210905,  192,    0
195184,20210906,  191,    0
195184,20210907,  189,    0
195184,20210908,  187,    0
195184,20210909,  194,    0
195184,20210910,  194,    0
195184,20210911,  200,    0
195184,20210912,  205,    0
195184,20210913,  212,    0
195184,20210914,  210,    0
195184,20210915,  216,    0
195184,20210916,  198,    0
195184,20210917,  196,    0
195184,20210918,  196,    0
195184,20210919,  173,    0
195184,20210920,  166,    0
195184,20210921,  159,    0
195184,20210922,  156,    0
195184,20210923,  158,    0
195184,20210924,  169,    0
195184,20210925,  189,    0
195184,20210926,  167,    0
195184,20210927,  170,    0
195184,20210928,  179,    0
195184,20210929,  179,    0
195184,20210930,  166,    0
195184,20211001,  162,    0
195184,20211002,  157,    0
195184,20211003,  181,    0
195184,20211004,  179,    0
195184,20211005,  159,    0
195184,20211006,  143,    0
195184,20211007,  100,    0
195184,20211008,  115,    0
195184,20211009,  104,    0
195184,20211010,   83,    0
195184,20211011,   99,    0
195184,20211012,  114,    0
195184,20211013,   94,    0
195184,20211014,   77,    0
195184,20211015,   87,    0
195184,20211016,   96,    0
195184,20211017,  104,    0
195184,20211018,  110,    0
195184,20211019,  119,    0
195184,20211020,  133,    0
195184,20211021,  150,    0
195184,20211022,  141,    0
195184,20211023,  120,    0
195184,20211024,  105,    0
195184,20211025,   91,    0
195184,20211026,   93,    0
195184,20211027,  103,    0
195184,20211028,   90,    0
195184,20211029,   92,    0
195184,20211030,   95,    0
195184,20211031,   96,    0
195184,20211101,  101,    0
195184,20211102,  118,    0
195184,20211103,  127,    0
195184,20211104,  102,    0
195184,20211105,   72,    0
195184,20211106,   68,    0
195184,20211107,   79,    0
195184,20211108,   69,    0
195184,20211109,   68,    0
195184,20211110,   86,    0
195184,20211111,   95,    0
195184,20211112,  100,    0
195184,20211113,  112,    0
195184,20211114,   96,    0
195184,20211115,  103,    0
195184,20211116,   74,    0
195184,20211117,   81,    0
195184,20211118,   93,    0
195184,20211119,   96,    0
195184,20211120,   93,    0
195184,20211121,   97,    0
195184,20211122,   70,    0
195184,20211123,   68,    0
195184,20211124,   49,    0
195184,20211125,   37,    0
195184,20211126,   69,    0
195184,20211127,   73,    0
195184,20211128,   46,    0
195184,20211129,   17,    0
195184,20211130,   49,    0
195184,20211201,   83,    0
195184,20211202,   58,    0
195184,20211203,   27,    0
195184,20211204,   36,    0
195184,20211205,   24,    0
195184,20211206,   16,    0
195184,20211207,   30,    0
195184,20211208,   43,    0
195184,20211209,   11,    0
195184,20211210,   14,    0
195184,20211211,   20,    0
195184,20211212,   20,    0
195184,20211213,   44,    0
195184,20211214,   45,    0
195184,20211215,   35,    0
195184,20211216,   42,    0
195184,20211217,   44,    0
195184,20211218,   36,    0
195184,20211219,   56,    0
195184,20211220,   53,    0
195184,20211221,   34,    0
195184,20211222,   29,    0
195184,20211223,   21,    0
195184,20211224,   88,    0
195184,20211225,   58,    0
195184,20211226,   49,    0
195184,20211227,   55,    0
195184,20211228,   58,    0
195184,20211229,   75,    0
195184,20211230,   74,    0
195184,20211231,  102,    0
195184,20220101,   94,    0
195184,20220102,   87,    0
195184,20220103,   94,    0
195184,20220104,  108,    0
195184,20220105,   81,    0
195184,20220106,   10,    0
195184,20220107,   15,    0
195184,20220108,   11,    0
195184,20220109,    8,    0
195184,20220110,   17,    0
195184,20220111,   29,    0
195184,20220112,   15,    0
195184,20220113,   12,    0
195184,20220114,   44,    0
195184,20220115,   67,    0
195184,20220116,   60,    0
195160,20220117,   44,    0
195160,20220118,   32,    0
195160,20220119,   35,    0
195160,20220120,   39,    0
195160,20220121,   -1,    0
195160,20220122,    8,    0
195160,20220123,   24,    0
195160,20220124,   17,    0
195160,20220125,   12,    0
195160,20220126,   25,    0
195160,20220127,   53,    0
195160,20220128,   58,    0
195160,20220129,   44,    0
195160,20220130,   72,    0
195184,20220131,-9999,    9
195184,20220201,-9999,    9
195184,20220202,-9999,    9
195184,20220203,-9999,    9
195184,20220204,-9999,    9
195184,20220205,-9999,    9
195184,20220206,-9999,    9
195184,20220207,-9999,    9
195184,20220208,-9999,    9
195184,20220209,-9999,    9
195184,20220210,-9999,    9
195184,20220211,-9999,    9
195184,20220212,-9999,    9
195184,20220213,-9999,    9
195184,20220214,-9999,    9
195184,20220215,-9999,    9
195184,20220216,-9999,    9
195184,20220217,-9999,    9
195184,20220218,-9999,    9
195184,20220219,-9999,    9
195184,20220220,-9999,    9
195184,20220221,-9999,    9
195184,20220222,-9999,    9
195184,20220223,-9999,    9
195184,20220224,-9999,    9
195184,20220225,-9999,    9
195184,20220226,-9999,    9
195184,20220227,-9999,    9
195184,20220228,-9999,    9
