EUROPEAN CLIMATE ASSESSMENT & DATASET (ECA&D), file created on 08-04-2022
THESE DATA CAN BE USED FREELY PROVIDED THAT THE FOLLOWING SOURCE IS ACKNOWLEDGED:

Klein Tank, A.M.G. and Coauthors, 2002. Daily dataset of 20th-century surface
air temperature and precipitation series for the European Climate Assessment.
Int. J. of Climatol., 22, 1441-1453.
Data and metadata available at http://www.ecad.eu

FILE FORMAT (MISSING VALUE CODE IS -9999):

01-06 SOUID: Source identifier
08-15 DATE : Date YYYYMMDD
17-21 TG   : mean temperature in 0.1 &#176;C
23-27 Q_TG : Quality code for TG (0='valid'; 1='suspect'; 9='missing')

This is the blended series of station ITALY, RIOLA_DI_VERGATO (STAID: 17867).
Blended and updated with sources: 198032 
See file sources.txt and stations.txt for more info.

 SOUID,    DATE,   TG, Q_TG
198032,20190401,-9999,    9
198032,20190402,-9999,    9
198032,20190403,-9999,    9
198032,20190404,-9999,    9
198032,20190405,-9999,    9
198032,20190406,-9999,    9
198032,20190407,-9999,    9
198032,20190408,-9999,    9
198032,20190409,-9999,    9
198032,20190410,-9999,    9
198032,20190411,-9999,    9
198032,20190412,-9999,    9
198032,20190413,-9999,    9
198032,20190414,-9999,    9
198032,20190415,-9999,    9
198032,20190416,-9999,    9
198032,20190417,-9999,    9
198032,20190418,-9999,    9
198032,20190419,-9999,    9
198032,20190420,-9999,    9
198032,20190421,-9999,    9
198032,20190422,-9999,    9
198032,20190423,-9999,    9
198032,20190424,-9999,    9
198032,20190425,-9999,    9
198032,20190426,-9999,    9
198032,20190427,-9999,    9
198032,20190428,-9999,    9
198032,20190429,-9999,    9
198032,20190430,  140,    0
198032,20190501,  145,    0
198032,20190502,  149,    0
198032,20190503,  150,    0
198032,20190504,  134,    0
198032,20190505,   67,    0
198032,20190506,   78,    0
198032,20190507,  109,    0
198032,20190508,  121,    0
198032,20190509,  140,    0
198032,20190510,  156,    0
198032,20190511,  149,    0
198032,20190512,  113,    0
198032,20190513,  114,    0
198032,20190514,  123,    0
198032,20190515,   80,    0
198032,20190516,  124,    0
198032,20190517,  151,    0
198032,20190518,  134,    0
198032,20190519,  139,    0
198032,20190520,  154,    0
198032,20190521,  167,    0
198032,20190522,  157,    0
198032,20190523,  168,    0
198032,20190524,  166,    0
198032,20190525,  186,    0
198032,20190526,  164,    0
198032,20190527,  157,    0
198032,20190528,  169,    0
198032,20190529,  142,    0
198032,20190530,  162,    0
198032,20190531,-9999,    9
198032,20190601,-9999,    9
198032,20190602,-9999,    9
198032,20190603,-9999,    9
198032,20190604,-9999,    9
198032,20190605,-9999,    9
198032,20190606,-9999,    9
198032,20190607,-9999,    9
198032,20190608,-9999,    9
198032,20190609,-9999,    9
198032,20190610,-9999,    9
198032,20190611,-9999,    9
198032,20190612,-9999,    9
198032,20190613,-9999,    9
198032,20190614,-9999,    9
198032,20190615,-9999,    9
198032,20190616,-9999,    9
198032,20190617,-9999,    9
198032,20190618,-9999,    9
198032,20190619,-9999,    9
198032,20190620,-9999,    9
198032,20190621,-9999,    9
198032,20190622,-9999,    9
198032,20190623,-9999,    9
198032,20190624,-9999,    9
198032,20190625,-9999,    9
198032,20190626,-9999,    9
198032,20190627,-9999,    9
198032,20190628,-9999,    9
198032,20190629,-9999,    9
198032,20190630,-9999,    9
198032,20190701,-9999,    9
198032,20190702,-9999,    9
198032,20190703,-9999,    9
198032,20190704,-9999,    9
198032,20190705,-9999,    9
198032,20190706,-9999,    9
198032,20190707,-9999,    9
198032,20190708,-9999,    9
198032,20190709,-9999,    9
198032,20190710,-9999,    9
198032,20190711,-9999,    9
198032,20190712,-9999,    9
198032,20190713,-9999,    9
198032,20190714,-9999,    9
198032,20190715,-9999,    9
198032,20190716,-9999,    9
198032,20190717,-9999,    9
198032,20190718,-9999,    9
198032,20190719,-9999,    9
198032,20190720,-9999,    9
198032,20190721,-9999,    9
198032,20190722,-9999,    9
198032,20190723,-9999,    9
198032,20190724,-9999,    9
198032,20190725,-9999,    9
198032,20190726,-9999,    9
198032,20190727,-9999,    9
198032,20190728,-9999,    9
198032,20190729,-9999,    9
198032,20190730,-9999,    9
198032,20190731,-9999,    9
198032,20190801,-9999,    9
198032,20190802,-9999,    9
198032,20190803,-9999,    9
198032,20190804,-9999,    9
198032,20190805,-9999,    9
198032,20190806,-9999,    9
198032,20190807,-9999,    9
198032,20190808,-9999,    9
198032,20190809,-9999,    9
198032,20190810,-9999,    9
198032,20190811,-9999,    9
198032,20190812,-9999,    9
198032,20190813,-9999,    9
198032,20190814,-9999,    9
198032,20190815,-9999,    9
198032,20190816,-9999,    9
198032,20190817,-9999,    9
198032,20190818,-9999,    9
198032,20190819,-9999,    9
198032,20190820,-9999,    9
198032,20190821,-9999,    9
198032,20190822,-9999,    9
198032,20190823,-9999,    9
198032,20190824,-9999,    9
198032,20190825,-9999,    9
198032,20190826,-9999,    9
198032,20190827,-9999,    9
198032,20190828,-9999,    9
198032,20190829,-9999,    9
198032,20190830,-9999,    9
198032,20190831,-9999,    9
198032,20190901,-9999,    9
198032,20190902,-9999,    9
198032,20190903,-9999,    9
198032,20190904,-9999,    9
198032,20190905,-9999,    9
198032,20190906,-9999,    9
198032,20190907,-9999,    9
198032,20190908,-9999,    9
198032,20190909,-9999,    9
198032,20190910,-9999,    9
198032,20190911,-9999,    9
198032,20190912,-9999,    9
198032,20190913,-9999,    9
198032,20190914,-9999,    9
198032,20190915,-9999,    9
198032,20190916,-9999,    9
198032,20190917,-9999,    9
198032,20190918,-9999,    9
198032,20190919,-9999,    9
198032,20190920,-9999,    9
198032,20190921,-9999,    9
198032,20190922,-9999,    9
198032,20190923,-9999,    9
198032,20190924,-9999,    9
198032,20190925,-9999,    9
198032,20190926,-9999,    9
198032,20190927,-9999,    9
198032,20190928,-9999,    9
198032,20190929,-9999,    9
198032,20190930,-9999,    9
198032,20191001,-9999,    9
198032,20191002,-9999,    9
198032,20191003,-9999,    9
198032,20191004,-9999,    9
198032,20191005,-9999,    9
198032,20191006,-9999,    9
198032,20191007,-9999,    9
198032,20191008,-9999,    9
198032,20191009,-9999,    9
198032,20191010,-9999,    9
198032,20191011,-9999,    9
198032,20191012,-9999,    9
198032,20191013,-9999,    9
198032,20191014,-9999,    9
198032,20191015,-9999,    9
198032,20191016,-9999,    9
198032,20191017,-9999,    9
198032,20191018,-9999,    9
198032,20191019,-9999,    9
198032,20191020,-9999,    9
198032,20191021,-9999,    9
198032,20191022,-9999,    9
198032,20191023,-9999,    9
198032,20191024,-9999,    9
198032,20191025,-9999,    9
198032,20191026,-9999,    9
198032,20191027,-9999,    9
198032,20191028,-9999,    9
198032,20191029,-9999,    9
198032,20191030,-9999,    9
198032,20191031,-9999,    9
198032,20191101,-9999,    9
198032,20191102,-9999,    9
198032,20191103,-9999,    9
198032,20191104,-9999,    9
198032,20191105,-9999,    9
198032,20191106,-9999,    9
198032,20191107,-9999,    9
198032,20191108,-9999,    9
198032,20191109,-9999,    9
198032,20191110,-9999,    9
198032,20191111,-9999,    9
198032,20191112,-9999,    9
198032,20191113,-9999,    9
198032,20191114,-9999,    9
198032,20191115,-9999,    9
198032,20191116,-9999,    9
198032,20191117,-9999,    9
198032,20191118,-9999,    9
198032,20191119,-9999,    9
198032,20191120,-9999,    9
198032,20191121,-9999,    9
198032,20191122,-9999,    9
198032,20191123,-9999,    9
198032,20191124,-9999,    9
198032,20191125,-9999,    9
198032,20191126,-9999,    9
198032,20191127,-9999,    9
198032,20191128,-9999,    9
198032,20191129,-9999,    9
198032,20191130,-9999,    9
198032,20191201,-9999,    9
198032,20191202,-9999,    9
198032,20191203,-9999,    9
198032,20191204,-9999,    9
198032,20191205,-9999,    9
198032,20191206,-9999,    9
198032,20191207,-9999,    9
198032,20191208,-9999,    9
198032,20191209,-9999,    9
198032,20191210,-9999,    9
198032,20191211,-9999,    9
198032,20191212,-9999,    9
198032,20191213,-9999,    9
198032,20191214,-9999,    9
198032,20191215,-9999,    9
198032,20191216,-9999,    9
198032,20191217,-9999,    9
198032,20191218,-9999,    9
198032,20191219,-9999,    9
198032,20191220,-9999,    9
198032,20191221,-9999,    9
198032,20191222,-9999,    9
198032,20191223,-9999,    9
198032,20191224,-9999,    9
198032,20191225,-9999,    9
198032,20191226,-9999,    9
198032,20191227,-9999,    9
198032,20191228,-9999,    9
198032,20191229,-9999,    9
198032,20191230,-9999,    9
198032,20191231,-9999,    9
198032,20200101,-9999,    9
198032,20200102,-9999,    9
198032,20200103,-9999,    9
198032,20200104,-9999,    9
198032,20200105,-9999,    9
198032,20200106,-9999,    9
198032,20200107,-9999,    9
198032,20200108,-9999,    9
198032,20200109,-9999,    9
198032,20200110,-9999,    9
198032,20200111,-9999,    9
198032,20200112,-9999,    9
198032,20200113,-9999,    9
198032,20200114,-9999,    9
198032,20200115,-9999,    9
198032,20200116,-9999,    9
198032,20200117,-9999,    9
198032,20200118,-9999,    9
198032,20200119,-9999,    9
198032,20200120,-9999,    9
198032,20200121,-9999,    9
198032,20200122,-9999,    9
198032,20200123,-9999,    9
198032,20200124,-9999,    9
198032,20200125,-9999,    9
198032,20200126,-9999,    9
198032,20200127,-9999,    9
198032,20200128,-9999,    9
198032,20200129,-9999,    9
198032,20200130,-9999,    9
198032,20200131,-9999,    9
198032,20200201,-9999,    9
198032,20200202,-9999,    9
198032,20200203,-9999,    9
198032,20200204,-9999,    9
198032,20200205,-9999,    9
198032,20200206,-9999,    9
198032,20200207,-9999,    9
198032,20200208,-9999,    9
198032,20200209,-9999,    9
198032,20200210,-9999,    9
198032,20200211,-9999,    9
198032,20200212,-9999,    9
198032,20200213,-9999,    9
198032,20200214,-9999,    9
198032,20200215,-9999,    9
198032,20200216,-9999,    9
198032,20200217,-9999,    9
198032,20200218,-9999,    9
198032,20200219,-9999,    9
198032,20200220,-9999,    9
198032,20200221,-9999,    9
198032,20200222,-9999,    9
198032,20200223,-9999,    9
198032,20200224,-9999,    9
198032,20200225,-9999,    9
198032,20200226,-9999,    9
198032,20200227,-9999,    9
198032,20200228,-9999,    9
198032,20200229,-9999,    9
198032,20200301,-9999,    9
198032,20200302,-9999,    9
198032,20200303,-9999,    9
198032,20200304,-9999,    9
198032,20200305,-9999,    9
198032,20200306,-9999,    9
198032,20200307,-9999,    9
198032,20200308,-9999,    9
198032,20200309,-9999,    9
198032,20200310,-9999,    9
198032,20200311,-9999,    9
198032,20200312,-9999,    9
198032,20200313,-9999,    9
198032,20200314,-9999,    9
198032,20200315,-9999,    9
198032,20200316,-9999,    9
198032,20200317,-9999,    9
198032,20200318,-9999,    9
198032,20200319,-9999,    9
198032,20200320,-9999,    9
198032,20200321,-9999,    9
198032,20200322,-9999,    9
198032,20200323,-9999,    9
198032,20200324,-9999,    9
198032,20200325,-9999,    9
198032,20200326,-9999,    9
198032,20200327,-9999,    9
198032,20200328,-9999,    9
198032,20200329,-9999,    9
198032,20200330,-9999,    9
198032,20200331,-9999,    9
198032,20200401,-9999,    9
198032,20200402,-9999,    9
198032,20200403,-9999,    9
198032,20200404,-9999,    9
198032,20200405,-9999,    9
198032,20200406,-9999,    9
198032,20200407,-9999,    9
198032,20200408,-9999,    9
198032,20200409,-9999,    9
198032,20200410,-9999,    9
198032,20200411,-9999,    9
198032,20200412,-9999,    9
198032,20200413,-9999,    9
198032,20200414,-9999,    9
198032,20200415,-9999,    9
198032,20200416,-9999,    9
198032,20200417,-9999,    9
198032,20200418,-9999,    9
198032,20200419,-9999,    9
198032,20200420,-9999,    9
198032,20200421,-9999,    9
198032,20200422,-9999,    9
198032,20200423,-9999,    9
198032,20200424,-9999,    9
198032,20200425,-9999,    9
198032,20200426,-9999,    9
198032,20200427,-9999,    9
198032,20200428,-9999,    9
198032,20200429,-9999,    9
198032,20200430,  150,    0
198032,20200501,  164,    0
198032,20200502,  174,    0
198032,20200503,  147,    0
198032,20200504,  153,    0
198032,20200505,  161,    0
198032,20200506,  141,    0
198032,20200507,  144,    0
198032,20200508,  170,    0
198032,20200509,  176,    0
198032,20200510,  197,    0
198032,20200511,  162,    0
198032,20200512,  185,    0
198032,20200513,  181,    0
198032,20200514,  187,    0
198032,20200515,  187,    0
198032,20200516,  157,    0
198032,20200517,  183,    0
198032,20200518,  176,    0
198032,20200519,  165,    0
198032,20200520,-9999,    9
198032,20200521,  175,    0
198032,20200522,  193,    0
198032,20200523,  206,    0
198032,20200524,  189,    0
198032,20200525,  177,    0
198032,20200526,  175,    0
198032,20200527,  157,    0
198032,20200528,  165,    0
198032,20200529,  134,    0
198032,20200530,  146,    0
198032,20200531,  150,    0
198032,20200601,  173,    0
198032,20200602,  179,    0
198032,20200603,  191,    0
198032,20200604,  170,    0
198032,20200605,  184,    0
198032,20200606,  186,    0
198032,20200607,  188,    0
198032,20200608,  170,    0
198032,20200609,  164,    0
198032,20200610,  160,    0
198032,20200611,  150,    0
198032,20200612,  174,    0
198032,20200613,  184,    0
198032,20200614,  181,    0
198032,20200615,  167,    0
198032,20200616,  186,    0
198032,20200617,  188,    0
198032,20200618,  185,    0
198032,20200619,  193,    0
198032,20200620,  194,    0
198032,20200621,  206,    0
198032,20200622,  218,    0
198032,20200623,  218,    0
198032,20200624,  227,    0
198032,20200625,  221,    0
198032,20200626,  221,    0
198032,20200627,  229,    0
198032,20200628,  240,    0
198032,20200629,  236,    0
198032,20200630,  241,    0
198032,20200701,  235,    0
198032,20200702,  245,    0
198032,20200703,  208,    0
198032,20200704,  216,    0
198032,20200705,  228,    0
198032,20200706,  243,    0
198032,20200707,  196,    0
198032,20200708,  199,    0
198032,20200709,  229,    0
198032,20200710,  244,    0
198032,20200711,  238,    0
198032,20200712,  212,    0
198032,20200713,  191,    0
198032,20200714,  196,    0
198032,20200715,  182,    0
198032,20200716,  203,    0
198032,20200717,  202,    0
198032,20200718,  204,    0
198032,20200719,  212,    0
198032,20200720,  230,    0
198032,20200721,  237,    0
198032,20200722,  237,    0
198032,20200723,  235,    0
198032,20200724,  181,    0
198032,20200725,  207,    0
198032,20200726,  218,    0
198032,20200727,  236,    0
198032,20200728,  256,    0
198032,20200729,  263,    0
198032,20200730,  267,    0
198032,20200731,  238,    0
198032,20200801,  265,    0
198032,20200802,  246,    0
198032,20200803,  224,    0
198032,20200804,  178,    0
198032,20200805,  190,    0
198032,20200806,  206,    0
198032,20200807,  225,    0
198032,20200808,  237,    0
198032,20200809,  242,    0
198032,20200810,  248,    0
198032,20200811,  240,    0
198032,20200812,  248,    0
198032,20200813,  246,    0
198032,20200814,  241,    0
198032,20200815,  217,    0
198032,20200816,  227,    0
198032,20200817,  216,    0
198032,20200818,  210,    0
198032,20200819,  225,    0
198032,20200820,  236,    0
198032,20200821,  249,    0
198032,20200822,  248,    0
198032,20200823,  244,    0
198032,20200824,  226,    0
198032,20200825,  229,    0
198032,20200826,  229,    0
198032,20200827,  232,    0
198032,20200828,  245,    0
198032,20200829,  254,    0
198032,20200830,  216,    0
198032,20200831,-9999,    9
198032,20200901,  172,    0
198032,20200902,  166,    0
198032,20200903,  179,    0
198032,20200904,  196,    0
198032,20200905,  209,    0
198032,20200906,  200,    0
198032,20200907,  192,    0
198032,20200908,  201,    0
198032,20200909,  205,    0
198032,20200910,  218,    0
198032,20200911,  222,    0
198032,20200912,  209,    0
198032,20200913,  213,    0
198032,20200914,  209,    0
198032,20200915,  208,    0
198032,20200916,  212,    0
198032,20200917,  213,    0
198032,20200918,  206,    0
198032,20200919,  191,    0
198032,20200920,  185,    0
198032,20200921,  178,    0
198032,20200922,  170,    0
198032,20200923,  173,    0
198032,20200924,  167,    0
198032,20200925,  165,    0
198032,20200926,  133,    0
198032,20200927,  105,    0
198032,20200928,  115,    0
198032,20200929,  131,    0
198032,20200930,  145,    0
198032,20201001,  148,    0
198032,20201002,  179,    0
198032,20201003,  170,    0
198032,20201004,  148,    0
198032,20201005,  136,    0
198032,20201006,  142,    0
198032,20201007,  151,    0
198032,20201008,  129,    0
198032,20201009,  136,    0
198032,20201010,  141,    0
198032,20201011,  112,    0
198032,20201012,   84,    0
198032,20201013,   86,    0
198032,20201014,   95,    0
198032,20201015,  104,    0
198032,20201016,   97,    0
198032,20201017,   89,    0
198032,20201018,   98,    0
198032,20201019,   99,    0
198032,20201020,   99,    0
198032,20201021,  103,    0
198032,20201022,  113,    0
198032,20201023,  145,    0
198032,20201024,  138,    0
198032,20201025,  129,    0
198032,20201026,  148,    0
198032,20201027,  106,    0
198032,20201028,   86,    0
198032,20201029,  100,    0
198032,20201030,  116,    0
198032,20201031,-9999,    9
198032,20201101,-9999,    9
198032,20201102,-9999,    9
198032,20201103,-9999,    9
198032,20201104,-9999,    9
198032,20201105,-9999,    9
198032,20201106,-9999,    9
198032,20201107,-9999,    9
198032,20201108,-9999,    9
198032,20201109,-9999,    9
198032,20201110,-9999,    9
198032,20201111,-9999,    9
198032,20201112,-9999,    9
198032,20201113,-9999,    9
198032,20201114,-9999,    9
198032,20201115,-9999,    9
198032,20201116,-9999,    9
198032,20201117,-9999,    9
198032,20201118,-9999,    9
198032,20201119,-9999,    9
198032,20201120,-9999,    9
198032,20201121,-9999,    9
198032,20201122,-9999,    9
198032,20201123,-9999,    9
198032,20201124,-9999,    9
198032,20201125,-9999,    9
198032,20201126,-9999,    9
198032,20201127,-9999,    9
198032,20201128,-9999,    9
198032,20201129,-9999,    9
198032,20201130,-9999,    9
198032,20201201,-9999,    9
198032,20201202,-9999,    9
198032,20201203,-9999,    9
198032,20201204,-9999,    9
198032,20201205,-9999,    9
198032,20201206,-9999,    9
198032,20201207,-9999,    9
198032,20201208,-9999,    9
198032,20201209,-9999,    9
198032,20201210,-9999,    9
198032,20201211,-9999,    9
198032,20201212,-9999,    9
198032,20201213,-9999,    9
198032,20201214,-9999,    9
198032,20201215,-9999,    9
198032,20201216,-9999,    9
198032,20201217,-9999,    9
198032,20201218,-9999,    9
198032,20201219,-9999,    9
198032,20201220,-9999,    9
198032,20201221,-9999,    9
198032,20201222,-9999,    9
198032,20201223,-9999,    9
198032,20201224,-9999,    9
198032,20201225,-9999,    9
198032,20201226,-9999,    9
198032,20201227,-9999,    9
198032,20201228,-9999,    9
198032,20201229,-9999,    9
198032,20201230,-9999,    9
198032,20201231,-9999,    9
198032,20210101,-9999,    9
198032,20210102,-9999,    9
198032,20210103,-9999,    9
198032,20210104,-9999,    9
198032,20210105,-9999,    9
198032,20210106,-9999,    9
198032,20210107,-9999,    9
198032,20210108,-9999,    9
198032,20210109,-9999,    9
198032,20210110,-9999,    9
198032,20210111,-9999,    9
198032,20210112,-9999,    9
198032,20210113,-9999,    9
198032,20210114,-9999,    9
198032,20210115,-9999,    9
198032,20210116,-9999,    9
198032,20210117,-9999,    9
198032,20210118,-9999,    9
198032,20210119,-9999,    9
198032,20210120,-9999,    9
198032,20210121,-9999,    9
198032,20210122,-9999,    9
198032,20210123,-9999,    9
198032,20210124,-9999,    9
198032,20210125,-9999,    9
198032,20210126,-9999,    9
198032,20210127,-9999,    9
198032,20210128,-9999,    9
198032,20210129,-9999,    9
198032,20210130,-9999,    9
198032,20210131,-9999,    9
198032,20210201,-9999,    9
198032,20210202,-9999,    9
198032,20210203,-9999,    9
198032,20210204,-9999,    9
198032,20210205,-9999,    9
198032,20210206,-9999,    9
198032,20210207,-9999,    9
198032,20210208,-9999,    9
198032,20210209,-9999,    9
198032,20210210,-9999,    9
198032,20210211,-9999,    9
198032,20210212,-9999,    9
198032,20210213,-9999,    9
198032,20210214,-9999,    9
198032,20210215,-9999,    9
198032,20210216,-9999,    9
198032,20210217,-9999,    9
198032,20210218,-9999,    9
198032,20210219,-9999,    9
198032,20210220,-9999,    9
198032,20210221,-9999,    9
198032,20210222,-9999,    9
198032,20210223,-9999,    9
198032,20210224,-9999,    9
198032,20210225,-9999,    9
198032,20210226,-9999,    9
198032,20210227,-9999,    9
198032,20210228,-9999,    9
198032,20210301,-9999,    9
198032,20210302,-9999,    9
198032,20210303,-9999,    9
198032,20210304,-9999,    9
198032,20210305,-9999,    9
198032,20210306,-9999,    9
198032,20210307,-9999,    9
198032,20210308,-9999,    9
198032,20210309,-9999,    9
198032,20210310,-9999,    9
198032,20210311,-9999,    9
198032,20210312,-9999,    9
198032,20210313,-9999,    9
198032,20210314,-9999,    9
198032,20210315,-9999,    9
198032,20210316,-9999,    9
198032,20210317,   49,    0
198032,20210318,   42,    0
198032,20210319,   23,    0
198032,20210320,   21,    0
198032,20210321,   34,    0
198032,20210322,   52,    0
198032,20210323,   46,    0
198032,20210324,   75,    0
198032,20210325,   97,    0
198032,20210326,   96,    0
198032,20210327,  109,    0
198032,20210328,  114,    0
198032,20210329,  127,    0
198032,20210330,  139,    0
198032,20210331,  151,    0
198032,20210401,  159,    0
198032,20210402,  147,    0
198032,20210403,  115,    0
198032,20210404,   76,    0
198032,20210405,   91,    0
198032,20210406,   66,    0
198032,20210407,   36,    0
198032,20210408,   60,    0
198032,20210409,   83,    0
198032,20210410,  100,    0
198032,20210411,   97,    0
198032,20210412,  115,    0
198032,20210413,   57,    0
198032,20210414,   70,    0
198032,20210415,   58,    0
198032,20210416,   56,    0
198032,20210417,   56,    0
198032,20210418,   61,    0
198032,20210419,   78,    0
198032,20210420,   93,    0
198032,20210421,  103,    0
198032,20210422,  113,    0
198032,20210423,  111,    0
198032,20210424,  131,    0
198032,20210425,  149,    0
198032,20210426,  125,    0
198032,20210427,  111,    0
198032,20210428,  116,    0
198032,20210429,  142,    0
198032,20210430,  170,    0
198032,20210501,  158,    0
198032,20210502,  149,    0
198032,20210503,  123,    0
198032,20210504,  130,    0
198032,20210505,  155,    0
198032,20210506,  174,    0
198032,20210507,  176,    0
198032,20210508,  138,    0
198032,20210509,  169,    0
198032,20210510,  198,    0
198032,20210511,  152,    0
198032,20210512,  142,    0
198032,20210513,  139,    0
198032,20210514,  129,    0
198032,20210515,  141,    0
198032,20210516,  163,    0
198032,20210517,  159,    0
198032,20210518,  149,    0
198032,20210519,  140,    0
198032,20210520,  143,    0
198032,20210521,  154,    0
198032,20210522,  170,    0
198032,20210523,  187,    0
198032,20210524,  135,    0
198032,20210525,  159,    0
198032,20210526,  155,    0
198032,20210527,  166,    0
198032,20210528,  175,    0
198032,20210529,  184,    0
198032,20210530,  166,    0
198032,20210531,  155,    0
198032,20210601,  168,    0
198032,20210602,  188,    0
198032,20210603,  199,    0
198032,20210604,  204,    0
198032,20210605,  213,    0
198032,20210606,  193,    0
198032,20210607,-9999,    9
198032,20210608,-9999,    9
198032,20210609,-9999,    9
198032,20210610,-9999,    9
198032,20210611,-9999,    9
198032,20210612,-9999,    9
198032,20210613,-9999,    9
198032,20210614,-9999,    9
198032,20210615,-9999,    9
198032,20210616,  223,    0
198032,20210617,  239,    0
198032,20210618,  237,    0
198032,20210619,  218,    0
198032,20210620,  235,    0
198032,20210621,  257,    0
198032,20210622,  248,    0
198032,20210623,  235,    0
198032,20210624,  233,    0
198032,20210625,  214,    0
198032,20210626,  219,    0
198032,20210627,  232,    0
198032,20210628,  249,    0
198032,20210629,  249,    0
198032,20210630,  230,    0
198032,20210701,  217,    0
198032,20210702,  224,    0
198032,20210703,  239,    0
198032,20210704,  210,    0
198032,20210705,  233,    0
198032,20210706,  249,    0
198032,20210707,  261,    0
198032,20210708,  252,    0
198032,20210709,  225,    0
198032,20210710,  235,    0
198032,20210711,  238,    0
198032,20210712,  249,    0
198032,20210713,  241,    0
198032,20210714,  203,    0
198032,20210715,  199,    0
198032,20210716,  192,    0
198032,20210717,  210,    0
198032,20210718,  238,    0
198032,20210719,  237,    0
198032,20210720,  232,    0
198032,20210721,  236,    0
198032,20210722,  225,    0
198032,20210723,  250,    0
198032,20210724,  266,    0
198032,20210725,  270,    0
198032,20210726,  265,    0
198032,20210727,  268,    0
198032,20210728,  262,    0
198032,20210729,  254,    0
198032,20210730,  256,    0
198032,20210731,  269,    0
198032,20210801,  244,    0
198032,20210802,  218,    0
198032,20210803,  214,    0
198032,20210804,  240,    0
198032,20210805,  230,    0
198032,20210806,  227,    0
198032,20210807,  248,    0
198032,20210808,  260,    0
198032,20210809,  246,    0
198032,20210810,  251,    0
198032,20210811,  269,    0
198032,20210812,  271,    0
198032,20210813,  279,    0
198032,20210814,  285,    0
198032,20210815,  280,    0
198032,20210816,  267,    0
198032,20210817,  241,    0
198032,20210818,  218,    0
198032,20210819,  225,    0
198032,20210820,  232,    0
198032,20210821,  246,    0
198032,20210822,  240,    0
198032,20210823,  207,    0
198032,20210824,  214,    0
198032,20210825,  201,    0
198032,20210826,  214,    0
198032,20210827,  172,    0
198032,20210828,  158,    0
198032,20210829,  171,    0
198032,20210830,  182,    0
198032,20210831,  168,    0
198032,20210901,  189,    0
198032,20210902,  193,    0
198032,20210903,  187,    0
198032,20210904,  182,    0
198032,20210905,  191,    0
198032,20210906,  187,    0
198032,20210907,  186,    0
198032,20210908,  184,    0
198032,20210909,  190,    0
198032,20210910,  196,    0
198032,20210911,  197,    0
198032,20210912,  201,    0
198032,20210913,  211,    0
198032,20210914,  213,    0
198032,20210915,  218,    0
198032,20210916,  207,    0
198032,20210917,  198,    0
198032,20210918,  187,    0
198032,20210919,  165,    0
198032,20210920,  163,    0
198032,20210921,  163,    0
198032,20210922,  156,    0
198032,20210923,  155,    0
198032,20210924,  170,    0
198032,20210925,  187,    0
198032,20210926,  165,    0
198032,20210927,  168,    0
198032,20210928,  184,    0
198032,20210929,  183,    0
198032,20210930,  172,    0
198032,20211001,  160,    0
198032,20211002,  152,    0
198032,20211003,  173,    0
198032,20211004,  188,    0
198032,20211005,  174,    0
198032,20211006,  161,    0
198032,20211007,  128,    0
198032,20211008,  139,    0
198032,20211009,  118,    0
198032,20211010,   83,    0
198032,20211011,  101,    0
198032,20211012,  108,    0
198032,20211013,   88,    0
198032,20211014,   72,    0
198032,20211015,   77,    0
198032,20211016,   83,    0
198032,20211017,   91,    0
198032,20211018,   96,    0
198032,20211019,  102,    0
198032,20211020,  117,    0
198032,20211021,  167,    0
198032,20211022,  133,    0
198032,20211023,  119,    0
198032,20211024,  115,    0
198032,20211025,   94,    0
198032,20211026,  104,    0
198032,20211027,  100,    0
198032,20211028,   78,    0
198032,20211029,   79,    0
198032,20211030,   91,    0
198032,20211031,  109,    0
198032,20211101,  106,    0
198032,20211102,  113,    0
198032,20211103,  133,    0
198032,20211104,  110,    0
198032,20211105,   69,    0
198032,20211106,   84,    0
198032,20211107,   96,    0
198032,20211108,   81,    0
198032,20211109,   83,    0
198032,20211110,  102,    0
198032,20211111,  100,    0
198032,20211112,   95,    0
198032,20211113,  102,    0
198032,20211114,  104,    0
198032,20211115,  118,    0
198032,20211116,   88,    0
198032,20211117,   97,    0
198032,20211118,  105,    0
198032,20211119,  106,    0
198032,20211120,   80,    0
198032,20211121,   71,    0
198032,20211122,   80,    0
198032,20211123,   83,    0
198032,20211124,   39,    0
198032,20211125,   42,    0
198032,20211126,   67,    0
198032,20211127,   95,    0
198032,20211128,   51,    0
198032,20211129,   12,    0
198032,20211130,   24,    0
198032,20211201,   88,    0
198032,20211202,   56,    0
198032,20211203,   35,    0
198032,20211204,   29,    0
198032,20211205,   37,    0
198032,20211206,   15,    0
198032,20211207,    8,    0
198032,20211208,   25,    0
198032,20211209,   24,    0
198032,20211210,   11,    0
198032,20211211,   32,    0
198032,20211212,    9,    0
198032,20211213,   22,    0
198032,20211214,   26,    0
198032,20211215,   18,    0
198032,20211216,   26,    0
198032,20211217,   21,    0
198032,20211218,   11,    0
198032,20211219,   18,    0
198032,20211220,   24,    0
198032,20211221,   31,    0
198032,20211222,   31,    0
198032,20211223,   26,    0
198032,20211224,   33,    0
198032,20211225,   41,    0
198032,20211226,   51,    0
198032,20211227,   64,    0
198032,20211228,   70,    0
198032,20211229,   59,    0
198032,20211230,   52,    0
198032,20211231,   57,    0
198032,20220101,   56,    0
198032,20220102,   63,    0
198032,20220103,   64,    0
198032,20220104,   92,    0
198032,20220105,  102,    0
198032,20220106,   20,    0
198032,20220107,   12,    0
198032,20220108,   -3,    0
198032,20220109,    3,    0
198032,20220110,   30,    0
198032,20220111,   21,    0
198032,20220112,   18,    0
198032,20220113,  -12,    0
198032,20220114,   22,    0
198032,20220115,   41,    0
198032,20220116,   34,    0
198032,20220117,   34,    0
198032,20220118,   23,    0
198032,20220119,    9,    0
198032,20220120,   28,    0
198032,20220121,  -10,    0
198032,20220122,    7,    0
198032,20220123,    8,    0
198032,20220124,   11,    0
198032,20220125,   13,    0
198032,20220126,   11,    0
198032,20220127,   29,    0
198032,20220128,   32,    0
198032,20220129,   26,    0
198032,20220130,   47,    0
198032,20220131,-9999,    9
198032,20220201,-9999,    9
198032,20220202,-9999,    9
198032,20220203,-9999,    9
198032,20220204,-9999,    9
198032,20220205,-9999,    9
198032,20220206,-9999,    9
198032,20220207,-9999,    9
198032,20220208,-9999,    9
198032,20220209,-9999,    9
198032,20220210,-9999,    9
198032,20220211,-9999,    9
198032,20220212,-9999,    9
198032,20220213,-9999,    9
198032,20220214,-9999,    9
198032,20220215,-9999,    9
198032,20220216,-9999,    9
198032,20220217,-9999,    9
198032,20220218,-9999,    9
198032,20220219,-9999,    9
198032,20220220,-9999,    9
198032,20220221,-9999,    9
198032,20220222,-9999,    9
198032,20220223,-9999,    9
198032,20220224,-9999,    9
198032,20220225,-9999,    9
198032,20220226,-9999,    9
198032,20220227,-9999,    9
198032,20220228,-9999,    9
