EUROPEAN CLIMATE ASSESSMENT & DATASET (ECA&D), file created on 08-04-2022
THESE DATA CAN BE USED FREELY PROVIDED THAT THE FOLLOWING SOURCE IS ACKNOWLEDGED:

Klein Tank, A.M.G. and Coauthors, 2002. Daily dataset of 20th-century surface
air temperature and precipitation series for the European Climate Assessment.
Int. J. of Climatol., 22, 1441-1453.
Data and metadata available at http://www.ecad.eu

FILE FORMAT (MISSING VALUE CODE IS -9999):

01-06 SOUID: Source identifier
08-15 DATE : Date YYYYMMDD
17-21 TG   : mean temperature in 0.1 &#176;C
23-27 Q_TG : Quality code for TG (0='valid'; 1='suspect'; 9='missing')

This is the blended series of station ITALY, DIGA DI QUARTO (STAID: 2808).
Blended and updated with sources: 195168 
See file sources.txt and stations.txt for more info.

 SOUID,    DATE,   TG, Q_TG
195168,20180401,-9999,    9
195168,20180402,-9999,    9
195168,20180403,-9999,    9
195168,20180404,-9999,    9
195168,20180405,-9999,    9
195168,20180406,-9999,    9
195168,20180407,  112,    0
195168,20180408,  124,    0
195168,20180409,  102,    0
195168,20180410,  117,    0
195168,20180411,  113,    0
195168,20180412,  125,    0
195168,20180413,  126,    0
195168,20180414,  117,    0
195168,20180415,  120,    0
195168,20180416,  145,    0
195168,20180417,  145,    0
195168,20180418,-9999,    9
195168,20180419,-9999,    9
195168,20180420,-9999,    9
195168,20180421,-9999,    9
195168,20180422,-9999,    9
195168,20180423,-9999,    9
195168,20180424,-9999,    9
195168,20180425,-9999,    9
195168,20180426,-9999,    9
195168,20180427,-9999,    9
195168,20180428,-9999,    9
195168,20180429,-9999,    9
195168,20180430,-9999,    9
195168,20180501,-9999,    9
195168,20180502,-9999,    9
195168,20180503,-9999,    9
195168,20180504,-9999,    9
195168,20180505,-9999,    9
195168,20180506,-9999,    9
195168,20180507,-9999,    9
195168,20180508,-9999,    9
195168,20180509,-9999,    9
195168,20180510,-9999,    9
195168,20180511,-9999,    9
195168,20180512,-9999,    9
195168,20180513,-9999,    9
195168,20180514,-9999,    9
195168,20180515,-9999,    9
195168,20180516,-9999,    9
195168,20180517,-9999,    9
195168,20180518,-9999,    9
195168,20180519,-9999,    9
195168,20180520,-9999,    9
195168,20180521,-9999,    9
195168,20180522,-9999,    9
195168,20180523,-9999,    9
195168,20180524,-9999,    9
195168,20180525,-9999,    9
195168,20180526,-9999,    9
195168,20180527,-9999,    9
195168,20180528,-9999,    9
195168,20180529,-9999,    9
195168,20180530,  201,    0
195168,20180531,  214,    0
195168,20180601,  206,    0
195168,20180602,  207,    0
195168,20180603,  218,    0
195168,20180604,  213,    0
195168,20180605,  198,    0
195168,20180606,  204,    0
195168,20180607,  215,    0
195168,20180608,  183,    0
195168,20180609,  209,    0
195168,20180610,  225,    0
195168,20180611,  237,    0
195168,20180612,  223,    0
195168,20180613,  202,    0
195168,20180614,  178,    0
195168,20180615,  176,    0
195168,20180616,  193,    0
195168,20180617,  209,    0
195168,20180618,  209,    0
195168,20180619,  210,    0
195168,20180620,  215,    0
195168,20180621,  239,    0
195168,20180622,  201,    0
195168,20180623,  180,    0
195168,20180624,  184,    0
195168,20180625,  159,    0
195168,20180626,  174,    0
195168,20180627,  189,    0
195168,20180628,  196,    0
195168,20180629,  216,    0
195168,20180630,  239,    0
195168,20180701,  247,    0
195168,20180702,  237,    0
195168,20180703,  242,    0
195168,20180704,  243,    0
195168,20180705,  247,    0
195168,20180706,  209,    0
195168,20180707,  222,    0
195168,20180708,  222,    0
195168,20180709,  224,    0
195168,20180710,  233,    0
195168,20180711,  234,    0
195168,20180712,  229,    0
195168,20180713,  237,    0
195168,20180714,  248,    0
195168,20180715,  234,    0
195168,20180716,  218,    0
195168,20180717,  219,    0
195168,20180718,  245,    0
195168,20180719,  243,    0
195168,20180720,  252,    0
195168,20180721,  245,    0
195168,20180722,  230,    0
195168,20180723,  208,    0
195168,20180724,  226,    0
195168,20180725,  237,    0
195168,20180726,  225,    0
195168,20180727,  240,    0
195168,20180728,  253,    0
195168,20180729,  256,    0
195168,20180730,  261,    0
195168,20180731,  266,    0
195168,20180801,  267,    0
195168,20180802,  260,    0
195168,20180803,  242,    0
195168,20180804,  249,    0
195168,20180805,  251,    0
195168,20180806,  260,    0
195168,20180807,  257,    0
195168,20180808,  231,    0
195168,20180809,  252,    0
195168,20180810,  249,    0
195168,20180811,  252,    0
195168,20180812,  239,    0
195168,20180813,  245,    0
195168,20180814,  220,    0
195168,20180815,  194,    0
195168,20180816,  211,    0
195168,20180817,  222,    0
195168,20180818,  233,    0
195168,20180819,  232,    0
195168,20180820,  236,    0
195168,20180821,  237,    0
195168,20180822,  232,    0
195168,20180823,  229,    0
195168,20180824,  222,    0
195168,20180825,  212,    0
195168,20180826,  165,    0
195168,20180827,  175,    0
195168,20180828,  196,    0
195168,20180829,  218,    0
195168,20180830,  217,    0
195168,20180831,  221,    0
195168,20180901,  190,    0
195168,20180902,  168,    0
195168,20180903,  172,    0
195168,20180904,  195,    0
195168,20180905,  205,    0
195168,20180906,  196,    0
195168,20180907,  188,    0
195168,20180908,  193,    0
195168,20180909,  203,    0
195168,20180910,  201,    0
195168,20180911,  210,    0
195168,20180912,  222,    0
195168,20180913,  206,    0
195168,20180914,  208,    0
195168,20180915,  206,    0
195168,20180916,  204,    0
195168,20180917,  202,    0
195168,20180918,  197,    0
195168,20180919,  198,    0
195168,20180920,  201,    0
195168,20180921,  207,    0
195168,20180922,  220,    0
195168,20180923,  227,    0
195168,20180924,  192,    0
195168,20180925,  139,    0
195168,20180926,  114,    0
195168,20180927,  121,    0
195168,20180928,  147,    0
195168,20180929,  149,    0
195168,20180930,  140,    0
195168,20181001,  144,    0
195168,20181002,  116,    0
195168,20181003,  124,    0
195168,20181004,  142,    0
195168,20181005,  136,    0
195168,20181006,  142,    0
195168,20181007,  159,    0
195168,20181008,  159,    0
195168,20181009,  162,    0
195168,20181010,  158,    0
195168,20181011,  167,    0
195168,20181012,  166,    0
195168,20181013,  155,    0
195168,20181014,  142,    0
195168,20181015,  145,    0
195168,20181016,  163,    0
195168,20181017,  157,    0
195168,20181018,  166,    0
195168,20181019,  155,    0
195168,20181020,  148,    0
195168,20181021,  115,    0
195168,20181022,  108,    0
195168,20181023,  118,    0
195168,20181024,  160,    0
195168,20181025,  155,    0
195168,20181026,  156,    0
195168,20181027,  199,    0
195168,20181028,  164,    0
195168,20181029,  167,    0
195168,20181030,  128,    0
195168,20181031,  126,    0
195168,20181101,  138,    0
195168,20181102,  139,    0
195168,20181103,  145,    0
195168,20181104,  151,    0
195168,20181105,  153,    0
195168,20181106,  147,    0
195168,20181107,  141,    0
195168,20181108,  125,    0
195168,20181109,  141,    0
195168,20181110,  128,    0
195168,20181111,  124,    0
195168,20181112,  125,    0
195168,20181113,  109,    0
195168,20181114,  118,    0
195168,20181115,  116,    0
195168,20181116,   95,    0
195168,20181117,   80,    0
195168,20181118,   54,    0
195168,20181119,   54,    0
195168,20181120,   51,    0
195168,20181121,   83,    0
195168,20181122,   80,    0
195168,20181123,   91,    0
195168,20181124,  161,    0
195168,20181125,  111,    0
195168,20181126,  108,    0
195168,20181127,  103,    0
195168,20181128,  105,    0
195168,20181129,   77,    0
195168,20181130,   55,    0
195168,20181201,   62,    0
195168,20181202,   66,    0
195168,20181203,   71,    0
195168,20181204,   73,    0
195168,20181205,   72,    0
195168,20181206,   72,    0
195168,20181207,  117,    0
195168,20181208,  147,    0
195168,20181209,  152,    0
195168,20181210,   92,    0
195168,20181211,   76,    0
195168,20181212,   72,    0
195168,20181213,   52,    0
195168,20181214,   38,    0
195168,20181215,   40,    0
195168,20181216,-9999,    9
195168,20181217,-9999,    9
195168,20181218,-9999,    9
195168,20181219,-9999,    9
195168,20181220,-9999,    9
195168,20181221,   34,    0
195168,20181222,  117,    0
195168,20181223,   28,    0
195168,20181224,   82,    0
195168,20181225,   30,    0
195168,20181226,   26,    0
195168,20181227,-9999,    9
195168,20181228,-9999,    9
195168,20181229,-9999,    9
195168,20181230,   47,    0
195168,20181231,   40,    0
195168,20190101,   22,    0
195168,20190102,   -7,    0
195168,20190103,-9999,    9
195168,20190104,-9999,    9
195168,20190105,-9999,    9
195168,20190106,-9999,    9
195168,20190107,-9999,    9
195168,20190108,   34,    0
195168,20190109,-9999,    9
195168,20190110,   12,    0
195168,20190111,    9,    0
195168,20190112,   19,    0
195168,20190113,   70,    0
195168,20190114,   99,    0
195168,20190115,   40,    0
195168,20190116,   85,    0
195168,20190117,   81,    0
195168,20190118,   64,    0
195168,20190119,   31,    0
195168,20190120,   26,    0
195168,20190121,    9,    0
195168,20190122,    1,    0
195168,20190123,    6,    0
195168,20190124,    6,    0
195168,20190125,   12,    0
195168,20190126,   12,    0
195168,20190127,   65,    0
195168,20190128,   29,    0
195168,20190129,   19,    0
195168,20190130,    8,    0
195168,20190131,   13,    0
195168,20190201,   87,    0
195168,20190202,   89,    0
195168,20190203,   50,    0
195168,20190204,   43,    0
195168,20190205,   28,    0
195168,20190206,   31,    0
195168,20190207,   42,    0
195168,20190208,   41,    0
195168,20190209,   70,    0
195168,20190210,   98,    0
195168,20190211,   78,    0
195168,20190212,   51,    0
195168,20190213,   34,    0
195168,20190214,   54,    0
195168,20190215,   62,    0
195168,20190216,   58,    0
195168,20190217,   79,    0
195168,20190218,   82,    0
195168,20190219,   66,    0
195168,20190220,   57,    0
195168,20190221,-9999,    9
195168,20190222,   77,    0
195168,20190223,   40,    0
195168,20190224,   28,    0
195168,20190225,   62,    0
195168,20190226,   80,    0
195168,20190227,  100,    0
195168,20190228,  127,    0
195168,20190301,   99,    0
195168,20190302,   91,    0
195168,20190303,  106,    0
195168,20190304,  134,    0
195168,20190305,  124,    0
195168,20190306,  119,    0
195168,20190307,  145,    0
195168,20190308,  120,    0
195168,20190309,  126,    0
195168,20190310,  136,    0
195168,20190311,  114,    0
195168,20190312,   55,    0
195168,20190313,-9999,    9
195168,20190314,-9999,    9
195168,20190315,-9999,    9
195168,20190316,-9999,    9
195168,20190317,-9999,    9
195168,20190318,-9999,    9
195168,20190319,-9999,    9
195168,20190320,-9999,    9
195168,20190321,-9999,    9
195168,20190322,   80,    0
195168,20190323,  101,    0
195168,20190324,  126,    0
195168,20190325,  142,    0
195168,20190326,   44,    0
195168,20190327,   58,    0
195168,20190328,   57,    0
195168,20190329,   64,    0
195168,20190330,   93,    0
195168,20190331,  112,    0
195168,20190401,  118,    0
195168,20190402,  136,    0
195168,20190403,  130,    0
195168,20190404,  111,    0
195168,20190405,   88,    0
195168,20190406,   97,    0
195168,20190407,  109,    0
195168,20190408,  102,    0
195168,20190409,  114,    0
195168,20190410,  105,    0
195168,20190411,  104,    0
195168,20190412,   89,    0
195168,20190413,   72,    0
195168,20190414,   67,    0
195168,20190415,   89,    0
195168,20190416,  101,    0
195168,20190417,  115,    0
195168,20190418,  115,    0
195168,20190419,  113,    0
195168,20190420,  125,    0
195168,20190421,  124,    0
195168,20190422,  120,    0
195168,20190423,  137,    0
195168,20190424,  162,    0
195168,20190425,  162,    0
195168,20190426,  140,    0
195168,20190427,  148,    0
195168,20190428,  106,    0
195168,20190429,   70,    0
195168,20190430,  126,    0
195168,20190501,  137,    0
195168,20190502,  152,    0
195168,20190503,  141,    0
195168,20190504,  128,    0
195168,20190505,   96,    0
195168,20190506,   69,    0
195168,20190507,  111,    0
195168,20190508,  124,    0
195168,20190509,  140,    0
195168,20190510,  156,    0
195168,20190511,  155,    0
195168,20190512,  103,    0
195168,20190513,   95,    0
195168,20190514,   97,    0
195168,20190515,   61,    0
195168,20190516,  105,    0
195168,20190517,  127,    0
195168,20190518,  131,    0
195168,20190519,  125,    0
195168,20190520,  151,    0
195168,20190521,  169,    0
195168,20190522,  168,    0
195168,20190523,  154,    0
195168,20190524,  153,    0
195168,20190525,  159,    0
195168,20190526,  143,    0
195168,20190527,  140,    0
195168,20190528,  160,    0
195168,20190529,  128,    0
195168,20190530,  124,    0
195168,20190531,-9999,    9
195168,20190601,-9999,    9
195168,20190602,-9999,    9
195168,20190603,-9999,    9
195168,20190604,-9999,    9
195168,20190605,-9999,    9
195168,20190606,-9999,    9
195168,20190607,-9999,    9
195168,20190608,-9999,    9
195168,20190609,-9999,    9
195168,20190610,-9999,    9
195168,20190611,-9999,    9
195168,20190612,-9999,    9
195168,20190613,-9999,    9
195168,20190614,-9999,    9
195168,20190615,-9999,    9
195168,20190616,-9999,    9
195168,20190617,-9999,    9
195168,20190618,-9999,    9
195168,20190619,-9999,    9
195168,20190620,-9999,    9
195168,20190621,-9999,    9
195168,20190622,-9999,    9
195168,20190623,-9999,    9
195168,20190624,-9999,    9
195168,20190625,-9999,    9
195168,20190626,-9999,    9
195168,20190627,-9999,    9
195168,20190628,-9999,    9
195168,20190629,-9999,    9
195168,20190630,-9999,    9
195168,20190701,-9999,    9
195168,20190702,-9999,    9
195168,20190703,-9999,    9
195168,20190704,-9999,    9
195168,20190705,-9999,    9
195168,20190706,-9999,    9
195168,20190707,-9999,    9
195168,20190708,-9999,    9
195168,20190709,-9999,    9
195168,20190710,-9999,    9
195168,20190711,-9999,    9
195168,20190712,-9999,    9
195168,20190713,-9999,    9
195168,20190714,-9999,    9
195168,20190715,-9999,    9
195168,20190716,-9999,    9
195168,20190717,-9999,    9
195168,20190718,-9999,    9
195168,20190719,-9999,    9
195168,20190720,-9999,    9
195168,20190721,-9999,    9
195168,20190722,-9999,    9
195168,20190723,-9999,    9
195168,20190724,-9999,    9
195168,20190725,-9999,    9
195168,20190726,-9999,    9
195168,20190727,-9999,    9
195168,20190728,-9999,    9
195168,20190729,-9999,    9
195168,20190730,-9999,    9
195168,20190731,-9999,    9
195168,20190801,-9999,    9
195168,20190802,-9999,    9
195168,20190803,-9999,    9
195168,20190804,-9999,    9
195168,20190805,-9999,    9
195168,20190806,-9999,    9
195168,20190807,-9999,    9
195168,20190808,-9999,    9
195168,20190809,-9999,    9
195168,20190810,-9999,    9
195168,20190811,-9999,    9
195168,20190812,-9999,    9
195168,20190813,-9999,    9
195168,20190814,-9999,    9
195168,20190815,-9999,    9
195168,20190816,-9999,    9
195168,20190817,-9999,    9
195168,20190818,-9999,    9
195168,20190819,-9999,    9
195168,20190820,-9999,    9
195168,20190821,-9999,    9
195168,20190822,-9999,    9
195168,20190823,-9999,    9
195168,20190824,-9999,    9
195168,20190825,-9999,    9
195168,20190826,-9999,    9
195168,20190827,-9999,    9
195168,20190828,-9999,    9
195168,20190829,-9999,    9
195168,20190830,-9999,    9
195168,20190831,-9999,    9
195168,20190901,-9999,    9
195168,20190902,-9999,    9
195168,20190903,-9999,    9
195168,20190904,-9999,    9
195168,20190905,-9999,    9
195168,20190906,-9999,    9
195168,20190907,-9999,    9
195168,20190908,-9999,    9
195168,20190909,-9999,    9
195168,20190910,-9999,    9
195168,20190911,-9999,    9
195168,20190912,-9999,    9
195168,20190913,-9999,    9
195168,20190914,-9999,    9
195168,20190915,-9999,    9
195168,20190916,-9999,    9
195168,20190917,-9999,    9
195168,20190918,-9999,    9
195168,20190919,-9999,    9
195168,20190920,-9999,    9
195168,20190921,-9999,    9
195168,20190922,-9999,    9
195168,20190923,-9999,    9
195168,20190924,-9999,    9
195168,20190925,-9999,    9
195168,20190926,-9999,    9
195168,20190927,-9999,    9
195168,20190928,-9999,    9
195168,20190929,-9999,    9
195168,20190930,-9999,    9
195168,20191001,-9999,    9
195168,20191002,-9999,    9
195168,20191003,-9999,    9
195168,20191004,-9999,    9
195168,20191005,-9999,    9
195168,20191006,-9999,    9
195168,20191007,-9999,    9
195168,20191008,-9999,    9
195168,20191009,-9999,    9
195168,20191010,-9999,    9
195168,20191011,-9999,    9
195168,20191012,-9999,    9
195168,20191013,-9999,    9
195168,20191014,-9999,    9
195168,20191015,-9999,    9
195168,20191016,-9999,    9
195168,20191017,-9999,    9
195168,20191018,-9999,    9
195168,20191019,-9999,    9
195168,20191020,-9999,    9
195168,20191021,-9999,    9
195168,20191022,-9999,    9
195168,20191023,-9999,    9
195168,20191024,-9999,    9
195168,20191025,-9999,    9
195168,20191026,-9999,    9
195168,20191027,-9999,    9
195168,20191028,-9999,    9
195168,20191029,-9999,    9
195168,20191030,-9999,    9
195168,20191031,-9999,    9
195168,20191101,-9999,    9
195168,20191102,-9999,    9
195168,20191103,-9999,    9
195168,20191104,-9999,    9
195168,20191105,-9999,    9
195168,20191106,-9999,    9
195168,20191107,-9999,    9
195168,20191108,-9999,    9
195168,20191109,-9999,    9
195168,20191110,-9999,    9
195168,20191111,-9999,    9
195168,20191112,-9999,    9
195168,20191113,-9999,    9
195168,20191114,-9999,    9
195168,20191115,-9999,    9
195168,20191116,-9999,    9
195168,20191117,-9999,    9
195168,20191118,-9999,    9
195168,20191119,-9999,    9
195168,20191120,-9999,    9
195168,20191121,-9999,    9
195168,20191122,-9999,    9
195168,20191123,-9999,    9
195168,20191124,-9999,    9
195168,20191125,-9999,    9
195168,20191126,-9999,    9
195168,20191127,-9999,    9
195168,20191128,-9999,    9
195168,20191129,-9999,    9
195168,20191130,-9999,    9
195168,20191201,-9999,    9
195168,20191202,-9999,    9
195168,20191203,-9999,    9
195168,20191204,-9999,    9
195168,20191205,-9999,    9
195168,20191206,-9999,    9
195168,20191207,-9999,    9
195168,20191208,-9999,    9
195168,20191209,-9999,    9
195168,20191210,-9999,    9
195168,20191211,-9999,    9
195168,20191212,-9999,    9
195168,20191213,-9999,    9
195168,20191214,-9999,    9
195168,20191215,-9999,    9
195168,20191216,-9999,    9
195168,20191217,-9999,    9
195168,20191218,-9999,    9
195168,20191219,-9999,    9
195168,20191220,-9999,    9
195168,20191221,-9999,    9
195168,20191222,-9999,    9
195168,20191223,-9999,    9
195168,20191224,-9999,    9
195168,20191225,-9999,    9
195168,20191226,-9999,    9
195168,20191227,-9999,    9
195168,20191228,-9999,    9
195168,20191229,-9999,    9
195168,20191230,-9999,    9
195168,20191231,   21,    0
195168,20200101,   26,    0
195168,20200102,   21,    0
195168,20200103,   26,    0
195168,20200104,   53,    0
195168,20200105,   30,    0
195168,20200106,    8,    0
195168,20200107,    0,    0
195168,20200108,   15,    0
195168,20200109,   35,    0
195168,20200110,   55,    0
195168,20200111,   45,    0
195168,20200112,   41,    0
195168,20200113,   15,    0
195168,20200114,   38,    0
195168,20200115,   56,    0
195168,20200116,   39,    0
195168,20200117,   51,    0
195168,20200118,   58,    0
195168,20200119,   46,    0
195168,20200120,   38,    0
195168,20200121,   27,    0
195168,20200122,   31,    0
195168,20200123,   29,    0
195168,20200124,   23,    0
195168,20200125,   41,    0
195168,20200126,   52,    0
195168,20200127,   75,    0
195168,20200128,  119,    0
195168,20200129,   99,    0
195168,20200130,   71,    0
195168,20200131,-9999,    9
195168,20200201,-9999,    9
195168,20200202,-9999,    9
195168,20200203,-9999,    9
195168,20200204,-9999,    9
195168,20200205,-9999,    9
195168,20200206,-9999,    9
195168,20200207,-9999,    9
195168,20200208,-9999,    9
195168,20200209,-9999,    9
195168,20200210,-9999,    9
195168,20200211,-9999,    9
195168,20200212,-9999,    9
195168,20200213,-9999,    9
195168,20200214,-9999,    9
195168,20200215,-9999,    9
195168,20200216,-9999,    9
195168,20200217,-9999,    9
195168,20200218,-9999,    9
195168,20200219,-9999,    9
195168,20200220,-9999,    9
195168,20200221,-9999,    9
195168,20200222,-9999,    9
195168,20200223,-9999,    9
195168,20200224,-9999,    9
195168,20200225,-9999,    9
195168,20200226,-9999,    9
195168,20200227,-9999,    9
195168,20200228,-9999,    9
195168,20200229,-9999,    9
195168,20200301,-9999,    9
195168,20200302,-9999,    9
195168,20200303,-9999,    9
195168,20200304,-9999,    9
195168,20200305,-9999,    9
195168,20200306,-9999,    9
195168,20200307,-9999,    9
195168,20200308,-9999,    9
195168,20200309,-9999,    9
195168,20200310,-9999,    9
195168,20200311,-9999,    9
195168,20200312,-9999,    9
195168,20200313,-9999,    9
195168,20200314,-9999,    9
195168,20200315,-9999,    9
195168,20200316,-9999,    9
195168,20200317,-9999,    9
195168,20200318,-9999,    9
195168,20200319,-9999,    9
195168,20200320,-9999,    9
195168,20200321,-9999,    9
195168,20200322,-9999,    9
195168,20200323,-9999,    9
195168,20200324,-9999,    9
195168,20200325,-9999,    9
195168,20200326,-9999,    9
195168,20200327,-9999,    9
195168,20200328,-9999,    9
195168,20200329,-9999,    9
195168,20200330,-9999,    9
195168,20200331,-9999,    9
195168,20200401,-9999,    9
195168,20200402,-9999,    9
195168,20200403,-9999,    9
195168,20200404,-9999,    9
195168,20200405,-9999,    9
195168,20200406,-9999,    9
195168,20200407,-9999,    9
195168,20200408,-9999,    9
195168,20200409,-9999,    9
195168,20200410,-9999,    9
195168,20200411,-9999,    9
195168,20200412,-9999,    9
195168,20200413,-9999,    9
195168,20200414,-9999,    9
195168,20200415,-9999,    9
195168,20200416,-9999,    9
195168,20200417,-9999,    9
195168,20200418,-9999,    9
195168,20200419,-9999,    9
195168,20200420,-9999,    9
195168,20200421,-9999,    9
195168,20200422,-9999,    9
195168,20200423,-9999,    9
195168,20200424,-9999,    9
195168,20200425,-9999,    9
195168,20200426,-9999,    9
195168,20200427,-9999,    9
195168,20200428,-9999,    9
195168,20200429,-9999,    9
195168,20200430,  163,    0
195168,20200501,  172,    0
195168,20200502,  177,    0
195168,20200503,  135,    0
195168,20200504,  146,    0
195168,20200505,  184,    0
195168,20200506,  134,    0
195168,20200507,  132,    0
195168,20200508,  169,    0
195168,20200509,  188,    0
195168,20200510,  183,    0
195168,20200511,  180,    0
195168,20200512,  184,    0
195168,20200513,  190,    0
195168,20200514,  191,    0
195168,20200515,  190,    0
195168,20200516,  159,    0
195168,20200517,  181,    0
195168,20200518,  168,    0
195168,20200519,  168,    0
195168,20200520,-9999,    9
195168,20200521,  161,    0
195168,20200522,  182,    0
195168,20200523,  215,    0
195168,20200524,  182,    0
195168,20200525,  172,    0
195168,20200526,  162,    0
195168,20200527,  144,    0
195168,20200528,  159,    0
195168,20200529,  118,    0
195168,20200530,  141,    0
195168,20200531,  142,    0
195168,20200601,  161,    0
195168,20200602,  182,    0
195168,20200603,  203,    0
195168,20200604,  185,    0
195168,20200605,  180,    0
195168,20200606,  199,    0
195168,20200607,  207,    0
195168,20200608,  177,    0
195168,20200609,  155,    0
195168,20200610,  154,    0
195168,20200611,  155,    0
195168,20200612,  181,    0
195168,20200613,  193,    0
195168,20200614,  176,    0
195168,20200615,  171,    0
195168,20200616,  181,    0
195168,20200617,  197,    0
195168,20200618,  205,    0
195168,20200619,  203,    0
195168,20200620,  188,    0
195168,20200621,  189,    0
195168,20200622,  214,    0
195168,20200623,  213,    0
195168,20200624,  228,    0
195168,20200625,  231,    0
195168,20200626,  232,    0
195168,20200627,  240,    0
195168,20200628,  245,    0
195168,20200629,  258,    0
195168,20200630,  262,    0
195168,20200701,  252,    0
195168,20200702,  250,    0
195168,20200703,  220,    0
195168,20200704,  214,    0
195168,20200705,  216,    0
195168,20200706,  237,    0
195168,20200707,  181,    0
195168,20200708,  196,    0
195168,20200709,  228,    0
195168,20200710,  249,    0
195168,20200711,  243,    0
195168,20200712,  194,    0
195168,20200713,  183,    0
195168,20200714,  183,    0
195168,20200715,  178,    0
195168,20200716,  203,    0
195168,20200717,  182,    0
195168,20200718,  192,    0
195168,20200719,  206,    0
195168,20200720,  232,    0
195168,20200721,  245,    0
195168,20200722,  250,    0
195168,20200723,  242,    0
195168,20200724,  200,    0
195168,20200725,  212,    0
195168,20200726,  231,    0
195168,20200727,  240,    0
195168,20200728,  258,    0
195168,20200729,  268,    0
195168,20200730,  269,    0
195168,20200731,  273,    0
195168,20200801,  278,    0
195168,20200802,  254,    0
195168,20200803,  249,    0
195168,20200804,  175,    0
195168,20200805,  178,    0
195168,20200806,  192,    0
195168,20200807,  218,    0
195168,20200808,  232,    0
195168,20200809,  248,    0
195168,20200810,  250,    0
195168,20200811,  259,    0
195168,20200812,  253,    0
195168,20200813,  264,    0
195168,20200814,  257,    0
195168,20200815,  233,    0
195168,20200816,  250,    0
195168,20200817,  243,    0
195168,20200818,  218,    0
195168,20200819,  227,    0
195168,20200820,  240,    0
195168,20200821,  258,    0
195168,20200822,  269,    0
195168,20200823,  250,    0
195168,20200824,  229,    0
195168,20200825,  229,    0
195168,20200826,  239,    0
195168,20200827,  240,    0
195168,20200828,  253,    0
195168,20200829,  277,    0
195168,20200830,  232,    0
195168,20200831,-9999,    9
195168,20200901,  174,    0
195168,20200902,  185,    0
195168,20200903,  188,    0
195168,20200904,  198,    0
195168,20200905,  213,    0
195168,20200906,  219,    0
195168,20200907,  207,    0
195168,20200908,  208,    0
195168,20200909,  216,    0
195168,20200910,  215,    0
195168,20200911,  214,    0
195168,20200912,  209,    0
195168,20200913,  215,    0
195168,20200914,  207,    0
195168,20200915,  209,    0
195168,20200916,  217,    0
195168,20200917,  212,    0
195168,20200918,  201,    0
195168,20200919,  196,    0
195168,20200920,  189,    0
195168,20200921,  174,    0
195168,20200922,  174,    0
195168,20200923,  181,    0
195168,20200924,  197,    0
195168,20200925,  171,    0
195168,20200926,  126,    0
195168,20200927,  100,    0
195168,20200928,  122,    0
195168,20200929,  139,    0
195168,20200930,  147,    0
195168,20201001,  152,    0
195168,20201002,  184,    0
195168,20201003,  169,    0
195168,20201004,  162,    0
195168,20201005,  143,    0
195168,20201006,  156,    0
195168,20201007,  150,    0
195168,20201008,  131,    0
195168,20201009,  138,    0
195168,20201010,  130,    0
195168,20201011,  122,    0
195168,20201012,   85,    0
195168,20201013,   88,    0
195168,20201014,  115,    0
195168,20201015,  110,    0
195168,20201016,   96,    0
195168,20201017,   95,    0
195168,20201018,   98,    0
195168,20201019,  103,    0
195168,20201020,  103,    0
195168,20201021,  108,    0
195168,20201022,  117,    0
195168,20201023,  143,    0
195168,20201024,  131,    0
195168,20201025,  126,    0
195168,20201026,  150,    0
195168,20201027,  114,    0
195168,20201028,   88,    0
195168,20201029,   95,    0
195168,20201030,  115,    0
195168,20201031,-9999,    9
195168,20201101,-9999,    9
195168,20201102,-9999,    9
195168,20201103,-9999,    9
195168,20201104,-9999,    9
195168,20201105,-9999,    9
195168,20201106,-9999,    9
195168,20201107,-9999,    9
195168,20201108,-9999,    9
195168,20201109,-9999,    9
195168,20201110,-9999,    9
195168,20201111,-9999,    9
195168,20201112,-9999,    9
195168,20201113,-9999,    9
195168,20201114,-9999,    9
195168,20201115,-9999,    9
195168,20201116,-9999,    9
195168,20201117,-9999,    9
195168,20201118,-9999,    9
195168,20201119,-9999,    9
195168,20201120,-9999,    9
195168,20201121,-9999,    9
195168,20201122,-9999,    9
195168,20201123,-9999,    9
195168,20201124,-9999,    9
195168,20201125,-9999,    9
195168,20201126,-9999,    9
195168,20201127,-9999,    9
195168,20201128,-9999,    9
195168,20201129,-9999,    9
195168,20201130,-9999,    9
195168,20201201,-9999,    9
195168,20201202,-9999,    9
195168,20201203,-9999,    9
195168,20201204,-9999,    9
195168,20201205,-9999,    9
195168,20201206,-9999,    9
195168,20201207,-9999,    9
195168,20201208,-9999,    9
195168,20201209,-9999,    9
195168,20201210,-9999,    9
195168,20201211,-9999,    9
195168,20201212,-9999,    9
195168,20201213,-9999,    9
195168,20201214,-9999,    9
195168,20201215,-9999,    9
195168,20201216,-9999,    9
195168,20201217,-9999,    9
195168,20201218,-9999,    9
195168,20201219,-9999,    9
195168,20201220,-9999,    9
195168,20201221,-9999,    9
195168,20201222,-9999,    9
195168,20201223,-9999,    9
195168,20201224,-9999,    9
195168,20201225,-9999,    9
195168,20201226,-9999,    9
195168,20201227,-9999,    9
195168,20201228,-9999,    9
195168,20201229,-9999,    9
195168,20201230,-9999,    9
195168,20201231,-9999,    9
195168,20210101,-9999,    9
195168,20210102,-9999,    9
195168,20210103,-9999,    9
195168,20210104,-9999,    9
195168,20210105,-9999,    9
195168,20210106,-9999,    9
195168,20210107,-9999,    9
195168,20210108,-9999,    9
195168,20210109,-9999,    9
195168,20210110,-9999,    9
195168,20210111,-9999,    9
195168,20210112,-9999,    9
195168,20210113,-9999,    9
195168,20210114,-9999,    9
195168,20210115,-9999,    9
195168,20210116,-9999,    9
195168,20210117,    7,    0
195168,20210118,   13,    0
195168,20210119,   37,    0
195168,20210120,   77,    0
195168,20210121,  110,    0
195168,20210122,  116,    0
195168,20210123,   82,    0
195168,20210124,   50,    0
195168,20210125,   24,    0
195168,20210126,   10,    0
195168,20210127,    7,    0
195168,20210128,   28,    0
195168,20210129,   65,    0
195168,20210130,   87,    0
195168,20210131,   66,    0
195168,20210201,   55,    0
195168,20210202,   63,    0
195168,20210203,   97,    0
195168,20210204,  108,    0
195168,20210205,   58,    0
195168,20210206,   64,    0
195168,20210207,   97,    0
195168,20210208,   93,    0
195168,20210209,  107,    0
195168,20210210,   85,    0
195168,20210211,   63,    0
195168,20210212,   23,    0
195168,20210213,  -25,    0
195168,20210214,  -18,    0
195168,20210215,  -16,    0
195168,20210216,   14,    0
195168,20210217,   50,    0
195168,20210218,   80,    0
195168,20210219,   84,    0
195168,20210220,   95,    0
195168,20210221,   75,    0
195168,20210222,   79,    0
195168,20210223,   97,    0
195168,20210224,  101,    0
195168,20210225,  106,    0
195168,20210226,  104,    0
195168,20210227,   85,    0
195168,20210228,   59,    0
195168,20210301,   49,    0
195168,20210302,   61,    0
195168,20210303,   69,    0
195168,20210304,   89,    0
195168,20210305,   95,    0
195168,20210306,   39,    0
195168,20210307,   34,    0
195168,20210308,   63,    0
195168,20210309,   60,    0
195168,20210310,   51,    0
195168,20210311,   84,    0
195168,20210312,  131,    0
195168,20210313,  110,    0
195168,20210314,   74,    0
195168,20210315,   67,    0
195168,20210316,   61,    0
195168,20210317,   48,    0
195168,20210318,   21,    0
195168,20210319,   16,    0
195168,20210320,   30,    0
195168,20210321,   28,    0
195168,20210322,   44,    0
195168,20210323,   41,    0
195168,20210324,   70,    0
195168,20210325,   92,    0
195168,20210326,  109,    0
195168,20210327,  126,    0
195168,20210328,  116,    0
195168,20210329,  124,    0
195168,20210330,  137,    0
195168,20210331,  148,    0
195168,20210401,  160,    0
195168,20210402,  173,    0
195168,20210403,  124,    0
195168,20210404,   65,    0
195168,20210405,   98,    0
195168,20210406,   65,    0
195168,20210407,   23,    0
195168,20210408,   65,    0
195168,20210409,   93,    0
195168,20210410,   93,    0
195168,20210411,  114,    0
195168,20210412,  121,    0
195168,20210413,   61,    0
195168,20210414,   50,    0
195168,20210415,   42,    0
195168,20210416,   50,    0
195168,20210417,   62,    0
195168,20210418,   70,    0
195168,20210419,   72,    0
195168,20210420,   83,    0
195168,20210421,  109,    0
195168,20210422,  109,    0
195168,20210423,   98,    0
195168,20210424,  116,    0
195168,20210425,  140,    0
195168,20210426,  127,    0
195168,20210427,  100,    0
195168,20210428,  118,    0
195168,20210429,  148,    0
195168,20210430,  166,    0
195168,20210501,  163,    0
195168,20210502,  152,    0
195168,20210503,  132,    0
195168,20210504,  143,    0
195168,20210505,  158,    0
195168,20210506,  174,    0
195168,20210507,  173,    0
195168,20210508,  131,    0
195168,20210509,  167,    0
195168,20210510,  198,    0
195168,20210511,  165,    0
195168,20210512,  152,    0
195168,20210513,  151,    0
195168,20210514,  143,    0
195168,20210515,  152,    0
195168,20210516,  167,    0
195168,20210517,  172,    0
195168,20210518,  167,    0
195168,20210519,  133,    0
195168,20210520,  136,    0
195168,20210521,  168,    0
195168,20210522,  172,    0
195168,20210523,  201,    0
195168,20210524,  159,    0
195168,20210525,  168,    0
195168,20210526,  158,    0
195168,20210527,  176,    0
195168,20210528,  175,    0
195168,20210529,  179,    0
195168,20210530,  162,    0
195168,20210531,  147,    0
195168,20210601,  171,    0
195168,20210602,  194,    0
195168,20210603,  201,    0
195168,20210604,  218,    0
195168,20210605,  217,    0
195168,20210606,  203,    0
195168,20210607,  192,    0
195168,20210608,  176,    0
195168,20210609,  196,    0
195168,20210610,  195,    0
195168,20210611,  195,    0
195168,20210612,  216,    0
195168,20210613,  238,    0
195168,20210614,  227,    0
195168,20210615,  213,    0
195168,20210616,  220,    0
195168,20210617,  221,    0
195168,20210618,  227,    0
195168,20210619,  234,    0
195168,20210620,  253,    0
195168,20210621,  264,    0
195168,20210622,  264,    0
195168,20210623,  243,    0
195168,20210624,  252,    0
195168,20210625,  227,    0
195168,20210626,  226,    0
195168,20210627,  244,    0
195168,20210628,  255,    0
195168,20210629,  258,    0
195168,20210630,  245,    0
195168,20210701,  236,    0
195168,20210702,  218,    0
195168,20210703,  248,    0
195168,20210704,  233,    0
195168,20210705,  232,    0
195168,20210706,  256,    0
195168,20210707,  271,    0
195168,20210708,  265,    0
195168,20210709,  240,    0
195168,20210710,  235,    0
195168,20210711,  245,    0
195168,20210712,  261,    0
195168,20210713,  233,    0
195168,20210714,  198,    0
195168,20210715,  213,    0
195168,20210716,  184,    0
195168,20210717,  187,    0
195168,20210718,  219,    0
195168,20210719,  226,    0
195168,20210720,  243,    0
195168,20210721,  243,    0
195168,20210722,  243,    0
195168,20210723,  246,    0
195168,20210724,  266,    0
195168,20210725,  269,    0
195168,20210726,  276,    0
195168,20210727,  256,    0
195168,20210728,  265,    0
195168,20210729,  262,    0
195168,20210730,  264,    0
195168,20210731,  288,    0
195168,20210801,  243,    0
195168,20210802,  217,    0
195168,20210803,  221,    0
195168,20210804,  239,    0
195168,20210805,  230,    0
195168,20210806,  239,    0
195168,20210807,  262,    0
195168,20210808,  268,    0
195168,20210809,  254,    0
195168,20210810,  258,    0
195168,20210811,  266,    0
195168,20210812,  268,    0
195168,20210813,  267,    0
195168,20210814,  277,    0
195168,20210815,  291,    0
195168,20210816,  299,    0
195168,20210817,  242,    0
195168,20210818,  213,    0
195168,20210819,  219,    0
195168,20210820,  232,    0
195168,20210821,  242,    0
195168,20210822,  267,    0
195168,20210823,  235,    0
195168,20210824,  221,    0
195168,20210825,  193,    0
195168,20210826,  217,    0
195168,20210827,  190,    0
195168,20210828,  160,    0
195168,20210829,  167,    0
195168,20210830,  183,    0
195168,20210831,  173,    0
195168,20210901,  184,    0
195168,20210902,  184,    0
195168,20210903,  183,    0
195168,20210904,  181,    0
195168,20210905,  183,    0
195168,20210906,  180,    0
195168,20210907,  182,    0
195168,20210908,  185,    0
195168,20210909,  190,    0
195168,20210910,  200,    0
195168,20210911,  198,    0
195168,20210912,  200,    0
195168,20210913,  208,    0
195168,20210914,  219,    0
195168,20210915,  225,    0
195168,20210916,  233,    0
195168,20210917,  217,    0
195168,20210918,  202,    0
195168,20210919,  177,    0
195168,20210920,  170,    0
195168,20210921,  147,    0
195168,20210922,  145,    0
195168,20210923,  153,    0
195168,20210924,  170,    0
195168,20210925,  193,    0
195168,20210926,  188,    0
195168,20210927,  177,    0
195168,20210928,  185,    0
195168,20210929,  183,    0
195168,20210930,  170,    0
195168,20211001,  157,    0
195168,20211002,  157,    0
195168,20211003,  170,    0
195168,20211004,  193,    0
195168,20211005,  184,    0
195168,20211006,  157,    0
195168,20211007,  115,    0
195168,20211008,  117,    0
195168,20211009,  109,    0
195168,20211010,   95,    0
195168,20211011,   97,    0
195168,20211012,  100,    0
195168,20211013,   85,    0
195168,20211014,   71,    0
195168,20211015,   83,    0
195168,20211016,   86,    0
195168,20211017,  100,    0
195168,20211018,   97,    0
195168,20211019,  110,    0
195168,20211020,  119,    0
195168,20211021,-9999,    9
195168,20211022,-9999,    9
195168,20211023,-9999,    9
195168,20211024,-9999,    9
195168,20211025,-9999,    9
195168,20211026,-9999,    9
195168,20211027,-9999,    9
195168,20211028,-9999,    9
195168,20211029,-9999,    9
195168,20211030,-9999,    9
195168,20211031,-9999,    9
195168,20211101,-9999,    9
195168,20211102,-9999,    9
195168,20211103,-9999,    9
195168,20211104,-9999,    9
195168,20211105,-9999,    9
195168,20211106,-9999,    9
195168,20211107,-9999,    9
195168,20211108,-9999,    9
195168,20211109,-9999,    9
195168,20211110,-9999,    9
195168,20211111,-9999,    9
195168,20211112,-9999,    9
195168,20211113,-9999,    9
195168,20211114,-9999,    9
195168,20211115,-9999,    9
195168,20211116,-9999,    9
195168,20211117,-9999,    9
195168,20211118,-9999,    9
195168,20211119,-9999,    9
195168,20211120,-9999,    9
195168,20211121,-9999,    9
195168,20211122,-9999,    9
195168,20211123,-9999,    9
195168,20211124,-9999,    9
195168,20211125,-9999,    9
195168,20211126,-9999,    9
195168,20211127,-9999,    9
195168,20211128,-9999,    9
195168,20211129,-9999,    9
195168,20211130,-9999,    9
195168,20211201,-9999,    9
195168,20211202,-9999,    9
195168,20211203,-9999,    9
195168,20211204,-9999,    9
195168,20211205,-9999,    9
195168,20211206,-9999,    9
195168,20211207,-9999,    9
195168,20211208,-9999,    9
195168,20211209,-9999,    9
195168,20211210,-9999,    9
195168,20211211,-9999,    9
195168,20211212,-9999,    9
195168,20211213,-9999,    9
195168,20211214,-9999,    9
195168,20211215,-9999,    9
195168,20211216,-9999,    9
195168,20211217,-9999,    9
195168,20211218,-9999,    9
195168,20211219,-9999,    9
195168,20211220,-9999,    9
195168,20211221,-9999,    9
195168,20211222,-9999,    9
195168,20211223,-9999,    9
195168,20211224,-9999,    9
195168,20211225,-9999,    9
195168,20211226,-9999,    9
195168,20211227,-9999,    9
195168,20211228,-9999,    9
195168,20211229,-9999,    9
195168,20211230,-9999,    9
195168,20211231,-9999,    9
195168,20220101,-9999,    9
195168,20220102,-9999,    9
195168,20220103,-9999,    9
195168,20220104,-9999,    9
195168,20220105,-9999,    9
195168,20220106,-9999,    9
195168,20220107,-9999,    9
195168,20220108,-9999,    9
195168,20220109,-9999,    9
195168,20220110,-9999,    9
195168,20220111,-9999,    9
195168,20220112,-9999,    9
195168,20220113,  -10,    0
195168,20220114,   28,    0
195168,20220115,   51,    0
195168,20220116,   35,    0
195168,20220117,   37,    0
195168,20220118,   33,    0
195168,20220119,   23,    0
195168,20220120,   39,    0
195168,20220121,    7,    0
195168,20220122,   12,    0
195168,20220123,   19,    0
195168,20220124,   30,    0
195168,20220125,   26,    0
195168,20220126,    9,    0
195168,20220127,   22,    0
195168,20220128,   15,    0
195168,20220129,   32,    0
195168,20220130,   66,    0
195168,20220131,-9999,    9
195168,20220201,-9999,    9
195168,20220202,-9999,    9
195168,20220203,-9999,    9
195168,20220204,-9999,    9
195168,20220205,-9999,    9
195168,20220206,-9999,    9
195168,20220207,-9999,    9
195168,20220208,-9999,    9
195168,20220209,-9999,    9
195168,20220210,-9999,    9
195168,20220211,-9999,    9
195168,20220212,-9999,    9
195168,20220213,-9999,    9
195168,20220214,-9999,    9
195168,20220215,-9999,    9
195168,20220216,-9999,    9
195168,20220217,-9999,    9
195168,20220218,-9999,    9
195168,20220219,-9999,    9
195168,20220220,-9999,    9
195168,20220221,-9999,    9
195168,20220222,-9999,    9
195168,20220223,-9999,    9
195168,20220224,-9999,    9
195168,20220225,-9999,    9
195168,20220226,-9999,    9
195168,20220227,-9999,    9
195168,20220228,-9999,    9
